INJECTION SCHEME : 100ns_54b_42_18_18_18bpi3inj

idx,inj Nbr,	Ring,RF Bucket,Bu Spac (ns),bu per PS batch,SPS Batch spac,PSbatch nbr,bu Int[1e9p]
1,	1,	ring_1,	121,		100,		18,		0,	1,	80
2,	1,	ring_2,	601,		100,		18,		0,	1,	80
3,	2,	ring_1,	9031,		100,		18,		0,	1,	80
4,	2,	ring_2,	9031,		100,		18,		0,	1,	80
5,	3,	ring_1,	17971,		100,		18,		0,	1,	80
6,	3,	ring_2,	17971,		100,		18,		0,	1,	80
Bu Spac : space in ns between bunches in the same PS train
SPS Batch Spac : space in ns between 2 first bunches of consecutive PS trains in the SPS

Tot number of B1 bunches(probe/Nominal) : 0/54
Tot number of B2 bunches(probe/Nominal) : 0/54

Tot number of B1 injections : 3
Tot number of B2 injections : 3

Collisions at IP1&5 : 42
B1-empty at IP1&5 : 12
B2-empty at IP1&5 : 12
Empty-empty at IP1&5 : 3498

Collisions at IP2 : 42
B1-empty at IP2 : 12
B2-empty at IP2 : 12
Empty-empty at IP2 : 3498

Collisions at IP8 : 18
B1-empty at IP8 : 36
B2-empty at IP8 : 36
Empty-empty at IP8 : 3522

IR1
RFbucketbeam1,RFbucketbeam2,z-pos/m
761,601,-59.89
801,641,-59.89
9191,9031,-59.89
9231,9071,-59.89
9271,9111,-59.89
9311,9151,-59.89
9351,9191,-59.89
9391,9231,-59.89
9431,9271,-59.89
9471,9311,-59.89
9511,9351,-59.89
9551,9391,-59.89
9591,9431,-59.89
9631,9471,-59.89
9671,9511,-59.89
9711,9551,-59.89
18131,17971,-59.89
18171,18011,-59.89
18211,18051,-59.89
18251,18091,-59.89
18291,18131,-59.89
18331,18171,-59.89
18371,18211,-59.89
18411,18251,-59.89
18451,18291,-59.89
18491,18331,-59.89
18531,18371,-59.89
18571,18411,-59.89
18611,18451,-59.89
18651,18491,-59.89
721,601,-44.92
761,641,-44.92
801,681,-44.92
9151,9031,-44.92
9191,9071,-44.92
9231,9111,-44.92
9271,9151,-44.92
9311,9191,-44.92
9351,9231,-44.92
9391,9271,-44.92
9431,9311,-44.92
9471,9351,-44.92
9511,9391,-44.92
9551,9431,-44.92
9591,9471,-44.92
9631,9511,-44.92
9671,9551,-44.92
9711,9591,-44.92
18091,17971,-44.92
18131,18011,-44.92
18171,18051,-44.92
18211,18091,-44.92
18251,18131,-44.92
18291,18171,-44.92
18331,18211,-44.92
18371,18251,-44.92
18411,18291,-44.92
18451,18331,-44.92
18491,18371,-44.92
18531,18411,-44.92
18571,18451,-44.92
18611,18491,-44.92
18651,18531,-44.92
681,601,-29.95
721,641,-29.95
761,681,-29.95
801,721,-29.95
9111,9031,-29.95
9151,9071,-29.95
9191,9111,-29.95
9231,9151,-29.95
9271,9191,-29.95
9311,9231,-29.95
9351,9271,-29.95
9391,9311,-29.95
9431,9351,-29.95
9471,9391,-29.95
9511,9431,-29.95
9551,9471,-29.95
9591,9511,-29.95
9631,9551,-29.95
9671,9591,-29.95
9711,9631,-29.95
18051,17971,-29.95
18091,18011,-29.95
18131,18051,-29.95
18171,18091,-29.95
18211,18131,-29.95
18251,18171,-29.95
18291,18211,-29.95
18331,18251,-29.95
18371,18291,-29.95
18411,18331,-29.95
18451,18371,-29.95
18491,18411,-29.95
18531,18451,-29.95
18571,18491,-29.95
18611,18531,-29.95
18651,18571,-29.95
641,601,-14.97
681,641,-14.97
721,681,-14.97
761,721,-14.97
801,761,-14.97
9071,9031,-14.97
9111,9071,-14.97
9151,9111,-14.97
9191,9151,-14.97
9231,9191,-14.97
9271,9231,-14.97
9311,9271,-14.97
9351,9311,-14.97
9391,9351,-14.97
9431,9391,-14.97
9471,9431,-14.97
9511,9471,-14.97
9551,9511,-14.97
9591,9551,-14.97
9631,9591,-14.97
9671,9631,-14.97
9711,9671,-14.97
18011,17971,-14.97
18051,18011,-14.97
18091,18051,-14.97
18131,18091,-14.97
18171,18131,-14.97
18211,18171,-14.97
18251,18211,-14.97
18291,18251,-14.97
18331,18291,-14.97
18371,18331,-14.97
18411,18371,-14.97
18451,18411,-14.97
18491,18451,-14.97
18531,18491,-14.97
18571,18531,-14.97
18611,18571,-14.97
18651,18611,-14.97
601,601,0
641,641,0
681,681,0
721,721,0
761,761,0
801,801,0
9031,9031,0
9071,9071,0
9111,9111,0
9151,9151,0
9191,9191,0
9231,9231,0
9271,9271,0
9311,9311,0
9351,9351,0
9391,9391,0
9431,9431,0
9471,9471,0
9511,9511,0
9551,9551,0
9591,9591,0
9631,9631,0
9671,9671,0
9711,9711,0
17971,17971,0
18011,18011,0
18051,18051,0
18091,18091,0
18131,18131,0
18171,18171,0
18211,18211,0
18251,18251,0
18291,18291,0
18331,18331,0
18371,18371,0
18411,18411,0
18451,18451,0
18491,18491,0
18531,18531,0
18571,18571,0
18611,18611,0
18651,18651,0
561,601,14.97
601,641,14.97
641,681,14.97
681,721,14.97
721,761,14.97
761,801,14.97
801,841,14.97
9031,9071,14.97
9071,9111,14.97
9111,9151,14.97
9151,9191,14.97
9191,9231,14.97
9231,9271,14.97
9271,9311,14.97
9311,9351,14.97
9351,9391,14.97
9391,9431,14.97
9431,9471,14.97
9471,9511,14.97
9511,9551,14.97
9551,9591,14.97
9591,9631,14.97
9631,9671,14.97
9671,9711,14.97
17971,18011,14.97
18011,18051,14.97
18051,18091,14.97
18091,18131,14.97
18131,18171,14.97
18171,18211,14.97
18211,18251,14.97
18251,18291,14.97
18291,18331,14.97
18331,18371,14.97
18371,18411,14.97
18411,18451,14.97
18451,18491,14.97
18491,18531,14.97
18531,18571,14.97
18571,18611,14.97
18611,18651,14.97
521,601,29.95
561,641,29.95
601,681,29.95
641,721,29.95
681,761,29.95
721,801,29.95
761,841,29.95
801,881,29.95
9031,9111,29.95
9071,9151,29.95
9111,9191,29.95
9151,9231,29.95
9191,9271,29.95
9231,9311,29.95
9271,9351,29.95
9311,9391,29.95
9351,9431,29.95
9391,9471,29.95
9431,9511,29.95
9471,9551,29.95
9511,9591,29.95
9551,9631,29.95
9591,9671,29.95
9631,9711,29.95
17971,18051,29.95
18011,18091,29.95
18051,18131,29.95
18091,18171,29.95
18131,18211,29.95
18171,18251,29.95
18211,18291,29.95
18251,18331,29.95
18291,18371,29.95
18331,18411,29.95
18371,18451,29.95
18411,18491,29.95
18451,18531,29.95
18491,18571,29.95
18531,18611,29.95
18571,18651,29.95
481,601,44.92
521,641,44.92
561,681,44.92
601,721,44.92
641,761,44.92
681,801,44.92
721,841,44.92
761,881,44.92
801,921,44.92
9031,9151,44.92
9071,9191,44.92
9111,9231,44.92
9151,9271,44.92
9191,9311,44.92
9231,9351,44.92
9271,9391,44.92
9311,9431,44.92
9351,9471,44.92
9391,9511,44.92
9431,9551,44.92
9471,9591,44.92
9511,9631,44.92
9551,9671,44.92
9591,9711,44.92
17971,18091,44.92
18011,18131,44.92
18051,18171,44.92
18091,18211,44.92
18131,18251,44.92
18171,18291,44.92
18211,18331,44.92
18251,18371,44.92
18291,18411,44.92
18331,18451,44.92
18371,18491,44.92
18411,18531,44.92
18451,18571,44.92
18491,18611,44.92
18531,18651,44.92
441,601,59.89
481,641,59.89
521,681,59.89
561,721,59.89
601,761,59.89
641,801,59.89
681,841,59.89
721,881,59.89
761,921,59.89
801,961,59.89
9031,9191,59.89
9071,9231,59.89
9111,9271,59.89
9151,9311,59.89
9191,9351,59.89
9231,9391,59.89
9271,9431,59.89
9311,9471,59.89
9351,9511,59.89
9391,9551,59.89
9431,9591,59.89
9471,9631,59.89
9511,9671,59.89
9551,9711,59.89
17971,18131,59.89
18011,18171,59.89
18051,18211,59.89
18091,18251,59.89
18131,18291,59.89
18171,18331,59.89
18211,18371,59.89
18251,18411,59.89
18291,18451,59.89
18331,18491,59.89
18371,18531,59.89
18411,18571,59.89
18451,18611,59.89
18491,18651,59.89

IR2
RFbucketbeam1,RFbucketbeam2,z-pos/m
9231,17971,-63.64
9271,18011,-63.64
9311,18051,-63.64
9351,18091,-63.64
9391,18131,-63.64
9431,18171,-63.64
9471,18211,-63.64
9511,18251,-63.64
9551,18291,-63.64
9591,18331,-63.64
9631,18371,-63.64
9671,18411,-63.64
9711,18451,-63.64
281,9031,-59.89
321,9071,-59.89
361,9111,-59.89
401,9151,-59.89
441,9191,-59.89
481,9231,-59.89
521,9271,-59.89
561,9311,-59.89
601,9351,-59.89
641,9391,-59.89
681,9431,-59.89
721,9471,-59.89
761,9511,-59.89
801,9551,-59.89
9191,17971,-48.66
9231,18011,-48.66
9271,18051,-48.66
9311,18091,-48.66
9351,18131,-48.66
9391,18171,-48.66
9431,18211,-48.66
9471,18251,-48.66
9511,18291,-48.66
9551,18331,-48.66
9591,18371,-48.66
9631,18411,-48.66
9671,18451,-48.66
9711,18491,-48.66
241,9031,-44.92
281,9071,-44.92
321,9111,-44.92
361,9151,-44.92
401,9191,-44.92
441,9231,-44.92
481,9271,-44.92
521,9311,-44.92
561,9351,-44.92
601,9391,-44.92
641,9431,-44.92
681,9471,-44.92
721,9511,-44.92
761,9551,-44.92
801,9591,-44.92
9151,17971,-33.69
9191,18011,-33.69
9231,18051,-33.69
9271,18091,-33.69
9311,18131,-33.69
9351,18171,-33.69
9391,18211,-33.69
9431,18251,-33.69
9471,18291,-33.69
9511,18331,-33.69
9551,18371,-33.69
9591,18411,-33.69
9631,18451,-33.69
9671,18491,-33.69
9711,18531,-33.69
201,9031,-29.95
241,9071,-29.95
281,9111,-29.95
321,9151,-29.95
361,9191,-29.95
401,9231,-29.95
441,9271,-29.95
481,9311,-29.95
521,9351,-29.95
561,9391,-29.95
601,9431,-29.95
641,9471,-29.95
681,9511,-29.95
721,9551,-29.95
761,9591,-29.95
801,9631,-29.95
9111,17971,-18.72
9151,18011,-18.72
9191,18051,-18.72
9231,18091,-18.72
9271,18131,-18.72
9311,18171,-18.72
9351,18211,-18.72
9391,18251,-18.72
9431,18291,-18.72
9471,18331,-18.72
9511,18371,-18.72
9551,18411,-18.72
9591,18451,-18.72
9631,18491,-18.72
9671,18531,-18.72
9711,18571,-18.72
161,9031,-14.97
201,9071,-14.97
241,9111,-14.97
281,9151,-14.97
321,9191,-14.97
361,9231,-14.97
401,9271,-14.97
441,9311,-14.97
481,9351,-14.97
521,9391,-14.97
561,9431,-14.97
601,9471,-14.97
641,9511,-14.97
681,9551,-14.97
721,9591,-14.97
761,9631,-14.97
801,9671,-14.97
9071,17971,-3.74
9111,18011,-3.74
9151,18051,-3.74
9191,18091,-3.74
9231,18131,-3.74
9271,18171,-3.74
9311,18211,-3.74
9351,18251,-3.74
9391,18291,-3.74
9431,18331,-3.74
9471,18371,-3.74
9511,18411,-3.74
9551,18451,-3.74
9591,18491,-3.74
9631,18531,-3.74
9671,18571,-3.74
9711,18611,-3.74
121,9031,0
161,9071,0
201,9111,0
241,9151,0
281,9191,0
321,9231,0
361,9271,0
401,9311,0
441,9351,0
481,9391,0
521,9431,0
561,9471,0
601,9511,0
641,9551,0
681,9591,0
721,9631,0
761,9671,0
801,9711,0
9031,17971,11.23
9071,18011,11.23
9111,18051,11.23
9151,18091,11.23
9191,18131,11.23
9231,18171,11.23
9271,18211,11.23
9311,18251,11.23
9351,18291,11.23
9391,18331,11.23
9431,18371,11.23
9471,18411,11.23
9511,18451,11.23
9551,18491,11.23
9591,18531,11.23
9631,18571,11.23
9671,18611,11.23
9711,18651,11.23
121,9071,14.97
161,9111,14.97
201,9151,14.97
241,9191,14.97
281,9231,14.97
321,9271,14.97
361,9311,14.97
401,9351,14.97
441,9391,14.97
481,9431,14.97
521,9471,14.97
561,9511,14.97
601,9551,14.97
641,9591,14.97
681,9631,14.97
721,9671,14.97
761,9711,14.97
9031,18011,26.2
9071,18051,26.2
9111,18091,26.2
9151,18131,26.2
9191,18171,26.2
9231,18211,26.2
9271,18251,26.2
9311,18291,26.2
9351,18331,26.2
9391,18371,26.2
9431,18411,26.2
9471,18451,26.2
9511,18491,26.2
9551,18531,26.2
9591,18571,26.2
9631,18611,26.2
9671,18651,26.2
121,9111,29.95
161,9151,29.95
201,9191,29.95
241,9231,29.95
281,9271,29.95
321,9311,29.95
361,9351,29.95
401,9391,29.95
441,9431,29.95
481,9471,29.95
521,9511,29.95
561,9551,29.95
601,9591,29.95
641,9631,29.95
681,9671,29.95
721,9711,29.95
9031,18051,41.18
9071,18091,41.18
9111,18131,41.18
9151,18171,41.18
9191,18211,41.18
9231,18251,41.18
9271,18291,41.18
9311,18331,41.18
9351,18371,41.18
9391,18411,41.18
9431,18451,41.18
9471,18491,41.18
9511,18531,41.18
9551,18571,41.18
9591,18611,41.18
9631,18651,41.18
121,9151,44.92
161,9191,44.92
201,9231,44.92
241,9271,44.92
281,9311,44.92
321,9351,44.92
361,9391,44.92
401,9431,44.92
441,9471,44.92
481,9511,44.92
521,9551,44.92
561,9591,44.92
601,9631,44.92
641,9671,44.92
681,9711,44.92
9031,18091,56.15
9071,18131,56.15
9111,18171,56.15
9151,18211,56.15
9191,18251,56.15
9231,18291,56.15
9271,18331,56.15
9311,18371,56.15
9351,18411,56.15
9391,18451,56.15
9431,18491,56.15
9471,18531,56.15
9511,18571,56.15
9551,18611,56.15
9591,18651,56.15
121,9191,59.89
161,9231,59.89
201,9271,59.89
241,9311,59.89
281,9351,59.89
321,9391,59.89
361,9431,59.89
401,9471,59.89
441,9511,59.89
481,9551,59.89
521,9591,59.89
561,9631,59.89
601,9671,59.89
641,9711,59.89

IR5
RFbucketbeam1,RFbucketbeam2,z-pos/m
761,601,-59.89
801,641,-59.89
9191,9031,-59.89
9231,9071,-59.89
9271,9111,-59.89
9311,9151,-59.89
9351,9191,-59.89
9391,9231,-59.89
9431,9271,-59.89
9471,9311,-59.89
9511,9351,-59.89
9551,9391,-59.89
9591,9431,-59.89
9631,9471,-59.89
9671,9511,-59.89
9711,9551,-59.89
18131,17971,-59.89
18171,18011,-59.89
18211,18051,-59.89
18251,18091,-59.89
18291,18131,-59.89
18331,18171,-59.89
18371,18211,-59.89
18411,18251,-59.89
18451,18291,-59.89
18491,18331,-59.89
18531,18371,-59.89
18571,18411,-59.89
18611,18451,-59.89
18651,18491,-59.89
721,601,-44.92
761,641,-44.92
801,681,-44.92
9151,9031,-44.92
9191,9071,-44.92
9231,9111,-44.92
9271,9151,-44.92
9311,9191,-44.92
9351,9231,-44.92
9391,9271,-44.92
9431,9311,-44.92
9471,9351,-44.92
9511,9391,-44.92
9551,9431,-44.92
9591,9471,-44.92
9631,9511,-44.92
9671,9551,-44.92
9711,9591,-44.92
18091,17971,-44.92
18131,18011,-44.92
18171,18051,-44.92
18211,18091,-44.92
18251,18131,-44.92
18291,18171,-44.92
18331,18211,-44.92
18371,18251,-44.92
18411,18291,-44.92
18451,18331,-44.92
18491,18371,-44.92
18531,18411,-44.92
18571,18451,-44.92
18611,18491,-44.92
18651,18531,-44.92
681,601,-29.95
721,641,-29.95
761,681,-29.95
801,721,-29.95
9111,9031,-29.95
9151,9071,-29.95
9191,9111,-29.95
9231,9151,-29.95
9271,9191,-29.95
9311,9231,-29.95
9351,9271,-29.95
9391,9311,-29.95
9431,9351,-29.95
9471,9391,-29.95
9511,9431,-29.95
9551,9471,-29.95
9591,9511,-29.95
9631,9551,-29.95
9671,9591,-29.95
9711,9631,-29.95
18051,17971,-29.95
18091,18011,-29.95
18131,18051,-29.95
18171,18091,-29.95
18211,18131,-29.95
18251,18171,-29.95
18291,18211,-29.95
18331,18251,-29.95
18371,18291,-29.95
18411,18331,-29.95
18451,18371,-29.95
18491,18411,-29.95
18531,18451,-29.95
18571,18491,-29.95
18611,18531,-29.95
18651,18571,-29.95
641,601,-14.97
681,641,-14.97
721,681,-14.97
761,721,-14.97
801,761,-14.97
9071,9031,-14.97
9111,9071,-14.97
9151,9111,-14.97
9191,9151,-14.97
9231,9191,-14.97
9271,9231,-14.97
9311,9271,-14.97
9351,9311,-14.97
9391,9351,-14.97
9431,9391,-14.97
9471,9431,-14.97
9511,9471,-14.97
9551,9511,-14.97
9591,9551,-14.97
9631,9591,-14.97
9671,9631,-14.97
9711,9671,-14.97
18011,17971,-14.97
18051,18011,-14.97
18091,18051,-14.97
18131,18091,-14.97
18171,18131,-14.97
18211,18171,-14.97
18251,18211,-14.97
18291,18251,-14.97
18331,18291,-14.97
18371,18331,-14.97
18411,18371,-14.97
18451,18411,-14.97
18491,18451,-14.97
18531,18491,-14.97
18571,18531,-14.97
18611,18571,-14.97
18651,18611,-14.97
601,601,0
641,641,0
681,681,0
721,721,0
761,761,0
801,801,0
9031,9031,0
9071,9071,0
9111,9111,0
9151,9151,0
9191,9191,0
9231,9231,0
9271,9271,0
9311,9311,0
9351,9351,0
9391,9391,0
9431,9431,0
9471,9471,0
9511,9511,0
9551,9551,0
9591,9591,0
9631,9631,0
9671,9671,0
9711,9711,0
17971,17971,0
18011,18011,0
18051,18051,0
18091,18091,0
18131,18131,0
18171,18171,0
18211,18211,0
18251,18251,0
18291,18291,0
18331,18331,0
18371,18371,0
18411,18411,0
18451,18451,0
18491,18491,0
18531,18531,0
18571,18571,0
18611,18611,0
18651,18651,0
561,601,14.97
601,641,14.97
641,681,14.97
681,721,14.97
721,761,14.97
761,801,14.97
801,841,14.97
9031,9071,14.97
9071,9111,14.97
9111,9151,14.97
9151,9191,14.97
9191,9231,14.97
9231,9271,14.97
9271,9311,14.97
9311,9351,14.97
9351,9391,14.97
9391,9431,14.97
9431,9471,14.97
9471,9511,14.97
9511,9551,14.97
9551,9591,14.97
9591,9631,14.97
9631,9671,14.97
9671,9711,14.97
17971,18011,14.97
18011,18051,14.97
18051,18091,14.97
18091,18131,14.97
18131,18171,14.97
18171,18211,14.97
18211,18251,14.97
18251,18291,14.97
18291,18331,14.97
18331,18371,14.97
18371,18411,14.97
18411,18451,14.97
18451,18491,14.97
18491,18531,14.97
18531,18571,14.97
18571,18611,14.97
18611,18651,14.97
521,601,29.95
561,641,29.95
601,681,29.95
641,721,29.95
681,761,29.95
721,801,29.95
761,841,29.95
801,881,29.95
9031,9111,29.95
9071,9151,29.95
9111,9191,29.95
9151,9231,29.95
9191,9271,29.95
9231,9311,29.95
9271,9351,29.95
9311,9391,29.95
9351,9431,29.95
9391,9471,29.95
9431,9511,29.95
9471,9551,29.95
9511,9591,29.95
9551,9631,29.95
9591,9671,29.95
9631,9711,29.95
17971,18051,29.95
18011,18091,29.95
18051,18131,29.95
18091,18171,29.95
18131,18211,29.95
18171,18251,29.95
18211,18291,29.95
18251,18331,29.95
18291,18371,29.95
18331,18411,29.95
18371,18451,29.95
18411,18491,29.95
18451,18531,29.95
18491,18571,29.95
18531,18611,29.95
18571,18651,29.95
481,601,44.92
521,641,44.92
561,681,44.92
601,721,44.92
641,761,44.92
681,801,44.92
721,841,44.92
761,881,44.92
801,921,44.92
9031,9151,44.92
9071,9191,44.92
9111,9231,44.92
9151,9271,44.92
9191,9311,44.92
9231,9351,44.92
9271,9391,44.92
9311,9431,44.92
9351,9471,44.92
9391,9511,44.92
9431,9551,44.92
9471,9591,44.92
9511,9631,44.92
9551,9671,44.92
9591,9711,44.92
17971,18091,44.92
18011,18131,44.92
18051,18171,44.92
18091,18211,44.92
18131,18251,44.92
18171,18291,44.92
18211,18331,44.92
18251,18371,44.92
18291,18411,44.92
18331,18451,44.92
18371,18491,44.92
18411,18531,44.92
18451,18571,44.92
18491,18611,44.92
18531,18651,44.92
441,601,59.89
481,641,59.89
521,681,59.89
561,721,59.89
601,761,59.89
641,801,59.89
681,841,59.89
721,881,59.89
761,921,59.89
801,961,59.89
9031,9191,59.89
9071,9231,59.89
9111,9271,59.89
9151,9311,59.89
9191,9351,59.89
9231,9391,59.89
9271,9431,59.89
9311,9471,59.89
9351,9511,59.89
9391,9551,59.89
9431,9591,59.89
9471,9631,59.89
9511,9671,59.89
9551,9711,59.89
17971,18131,59.89
18011,18171,59.89
18051,18211,59.89
18091,18251,59.89
18131,18291,59.89
18171,18331,59.89
18211,18371,59.89
18251,18411,59.89
18291,18451,59.89
18331,18491,59.89
18371,18531,59.89
18411,18571,59.89
18451,18611,59.89
18491,18651,59.89

IR8
RFbucketbeam1,RFbucketbeam2,z-pos/m
9711,601,-63.64
18131,9031,-59.89
18171,9071,-59.89
18211,9111,-59.89
18251,9151,-59.89
18291,9191,-59.89
18331,9231,-59.89
18371,9271,-59.89
18411,9311,-59.89
18451,9351,-59.89
18491,9391,-59.89
18531,9431,-59.89
18571,9471,-59.89
18611,9511,-59.89
18651,9551,-59.89
9671,601,-48.66
9711,641,-48.66
18091,9031,-44.92
18131,9071,-44.92
18171,9111,-44.92
18211,9151,-44.92
18251,9191,-44.92
18291,9231,-44.92
18331,9271,-44.92
18371,9311,-44.92
18411,9351,-44.92
18451,9391,-44.92
18491,9431,-44.92
18531,9471,-44.92
18571,9511,-44.92
18611,9551,-44.92
18651,9591,-44.92
9631,601,-33.69
9671,641,-33.69
9711,681,-33.69
18051,9031,-29.95
18091,9071,-29.95
18131,9111,-29.95
18171,9151,-29.95
18211,9191,-29.95
18251,9231,-29.95
18291,9271,-29.95
18331,9311,-29.95
18371,9351,-29.95
18411,9391,-29.95
18451,9431,-29.95
18491,9471,-29.95
18531,9511,-29.95
18571,9551,-29.95
18611,9591,-29.95
18651,9631,-29.95
9591,601,-18.72
9631,641,-18.72
9671,681,-18.72
9711,721,-18.72
18011,9031,-14.97
18051,9071,-14.97
18091,9111,-14.97
18131,9151,-14.97
18171,9191,-14.97
18211,9231,-14.97
18251,9271,-14.97
18291,9311,-14.97
18331,9351,-14.97
18371,9391,-14.97
18411,9431,-14.97
18451,9471,-14.97
18491,9511,-14.97
18531,9551,-14.97
18571,9591,-14.97
18611,9631,-14.97
18651,9671,-14.97
9551,601,-3.74
9591,641,-3.74
9631,681,-3.74
9671,721,-3.74
9711,761,-3.74
17971,9031,0
18011,9071,0
18051,9111,0
18091,9151,0
18131,9191,0
18171,9231,0
18211,9271,0
18251,9311,0
18291,9351,0
18331,9391,0
18371,9431,0
18411,9471,0
18451,9511,0
18491,9551,0
18531,9591,0
18571,9631,0
18611,9671,0
18651,9711,0
9511,601,11.23
9551,641,11.23
9591,681,11.23
9631,721,11.23
9671,761,11.23
9711,801,11.23
17971,9071,14.97
18011,9111,14.97
18051,9151,14.97
18091,9191,14.97
18131,9231,14.97
18171,9271,14.97
18211,9311,14.97
18251,9351,14.97
18291,9391,14.97
18331,9431,14.97
18371,9471,14.97
18411,9511,14.97
18451,9551,14.97
18491,9591,14.97
18531,9631,14.97
18571,9671,14.97
18611,9711,14.97
9471,601,26.2
9511,641,26.2
9551,681,26.2
9591,721,26.2
9631,761,26.2
9671,801,26.2
9711,841,26.2
17971,9111,29.95
18011,9151,29.95
18051,9191,29.95
18091,9231,29.95
18131,9271,29.95
18171,9311,29.95
18211,9351,29.95
18251,9391,29.95
18291,9431,29.95
18331,9471,29.95
18371,9511,29.95
18411,9551,29.95
18451,9591,29.95
18491,9631,29.95
18531,9671,29.95
18571,9711,29.95
9431,601,41.18
9471,641,41.18
9511,681,41.18
9551,721,41.18
9591,761,41.18
9631,801,41.18
9671,841,41.18
9711,881,41.18
17971,9151,44.92
18011,9191,44.92
18051,9231,44.92
18091,9271,44.92
18131,9311,44.92
18171,9351,44.92
18211,9391,44.92
18251,9431,44.92
18291,9471,44.92
18331,9511,44.92
18371,9551,44.92
18411,9591,44.92
18451,9631,44.92
18491,9671,44.92
18531,9711,44.92
9391,601,56.15
9431,641,56.15
9471,681,56.15
9511,721,56.15
9551,761,56.15
9591,801,56.15
9631,841,56.15
9671,881,56.15
9711,921,56.15
17971,9191,59.89
18011,9231,59.89
18051,9271,59.89
18091,9311,59.89
18131,9351,59.89
18171,9391,59.89
18211,9431,59.89
18251,9471,59.89
18291,9511,59.89
18331,9551,59.89
18371,9591,59.89
18411,9631,59.89
18451,9671,59.89
18491,9711,59.89

BEAM 1
RFbucket,Slot,Head-On IP1,Head-On IP2,Head-On IP5,Head-On IP8,Head-On Tot,LR IP1,LR IP2,LR IP5,LR IP8,LR Tot
121,12,0,1,0,0,1,0,4,0,0,4
161,16,0,1,0,0,1,0,5,0,0,5
201,20,0,1,0,0,1,0,6,0,0,6
241,24,0,1,0,0,1,0,7,0,0,7
281,28,0,1,0,0,1,0,8,0,0,8
321,32,0,1,0,0,1,0,8,0,0,8
361,36,0,1,0,0,1,0,8,0,0,8
401,40,0,1,0,0,1,0,8,0,0,8
441,44,0,1,0,0,1,1,8,1,0,10
481,48,0,1,0,0,1,2,8,2,0,12
521,52,0,1,0,0,1,3,8,3,0,14
561,56,0,1,0,0,1,4,8,4,0,16
601,60,1,1,1,0,3,4,8,4,0,16
641,64,1,1,1,0,3,5,8,5,0,18
681,68,1,1,1,0,3,6,7,6,0,19
721,72,1,1,1,0,3,7,6,7,0,20
761,76,1,1,1,0,3,8,5,8,0,21
801,80,1,1,1,0,3,8,4,8,0,20
9031,903,1,0,1,0,2,4,4,4,0,12
9071,907,1,0,1,0,2,5,5,5,0,15
9111,911,1,0,1,0,2,6,6,6,0,18
9151,915,1,0,1,0,2,7,7,7,0,21
9191,919,1,0,1,0,2,8,8,8,0,24
9231,923,1,0,1,0,2,8,9,8,0,25
9271,927,1,0,1,0,2,8,9,8,0,25
9311,931,1,0,1,0,2,8,9,8,0,25
9351,935,1,0,1,0,2,8,9,8,0,25
9391,939,1,0,1,0,2,8,9,8,1,26
9431,943,1,0,1,0,2,8,9,8,2,27
9471,947,1,0,1,0,2,8,9,8,3,28
9511,951,1,0,1,0,2,8,9,8,4,29
9551,955,1,0,1,0,2,8,9,8,5,30
9591,959,1,0,1,0,2,7,9,7,6,29
9631,963,1,0,1,0,2,6,8,6,7,27
9671,967,1,0,1,0,2,5,7,5,8,25
9711,971,1,0,1,0,2,4,6,4,9,23
17971,1797,1,0,1,1,3,4,0,4,4,12
18011,1801,1,0,1,1,3,5,0,5,5,15
18051,1805,1,0,1,1,3,6,0,6,6,18
18091,1809,1,0,1,1,3,7,0,7,7,21
18131,1813,1,0,1,1,3,8,0,8,8,24
18171,1817,1,0,1,1,3,8,0,8,8,24
18211,1821,1,0,1,1,3,8,0,8,8,24
18251,1825,1,0,1,1,3,8,0,8,8,24
18291,1829,1,0,1,1,3,8,0,8,8,24
18331,1833,1,0,1,1,3,8,0,8,8,24
18371,1837,1,0,1,1,3,8,0,8,8,24
18411,1841,1,0,1,1,3,8,0,8,8,24
18451,1845,1,0,1,1,3,8,0,8,8,24
18491,1849,1,0,1,1,3,8,0,8,8,24
18531,1853,1,0,1,1,3,7,0,7,7,21
18571,1857,1,0,1,1,3,6,0,6,6,18
18611,1861,1,0,1,1,3,5,0,5,5,15
18651,1865,1,0,1,1,3,4,0,4,4,12

BEAM 2
RFbucket,Slot,Head-On IP1,Head-On IP2,Head-On IP5,Head-On IP8,Head-On Tot,LR IP1,LR IP2,LR IP5,LR IP8,LR Tot
601,60,1,0,1,0,2,8,0,8,9,25
641,64,1,0,1,0,2,8,0,8,8,24
681,68,1,0,1,0,2,7,0,7,7,21
721,72,1,0,1,0,2,6,0,6,6,18
761,76,1,0,1,0,2,5,0,5,5,15
801,80,1,0,1,0,2,4,0,4,4,12
841,84,0,0,0,0,0,4,0,4,3,11
881,88,0,0,0,0,0,3,0,3,2,8
921,92,0,0,0,0,0,2,0,2,1,5
961,96,0,0,0,0,0,1,0,1,0,2
1001,100,0,0,0,0,0,0,0,0,0,0
1041,104,0,0,0,0,0,0,0,0,0,0
1081,108,0,0,0,0,0,0,0,0,0,0
1121,112,0,0,0,0,0,0,0,0,0,0
1161,116,0,0,0,0,0,0,0,0,0,0
1201,120,0,0,0,0,0,0,0,0,0,0
1241,124,0,0,0,0,0,0,0,0,0,0
1281,128,0,0,0,0,0,0,0,0,0,0
9031,903,1,1,1,1,4,4,4,4,4,16
9071,907,1,1,1,1,4,5,5,5,5,20
9111,911,1,1,1,1,4,6,6,6,6,24
9151,915,1,1,1,1,4,7,7,7,7,28
9191,919,1,1,1,1,4,8,8,8,8,32
9231,923,1,1,1,1,4,8,8,8,8,32
9271,927,1,1,1,1,4,8,8,8,8,32
9311,931,1,1,1,1,4,8,8,8,8,32
9351,935,1,1,1,1,4,8,8,8,8,32
9391,939,1,1,1,1,4,8,8,8,8,32
9431,943,1,1,1,1,4,8,8,8,8,32
9471,947,1,1,1,1,4,8,8,8,8,32
9511,951,1,1,1,1,4,8,8,8,8,32
9551,955,1,1,1,1,4,8,8,8,8,32
9591,959,1,1,1,1,4,7,7,7,7,28
9631,963,1,1,1,1,4,6,6,6,6,24
9671,967,1,1,1,1,4,5,5,5,5,20
9711,971,1,1,1,1,4,4,4,4,4,16
17971,1797,1,0,1,0,2,4,6,4,0,14
18011,1801,1,0,1,0,2,5,7,5,0,17
18051,1805,1,0,1,0,2,6,8,6,0,20
18091,1809,1,0,1,0,2,7,9,7,0,23
18131,1813,1,0,1,0,2,8,9,8,0,25
18171,1817,1,0,1,0,2,8,9,8,0,25
18211,1821,1,0,1,0,2,8,9,8,0,25
18251,1825,1,0,1,0,2,8,9,8,0,25
18291,1829,1,0,1,0,2,8,9,8,0,25
18331,1833,1,0,1,0,2,8,9,8,0,25
18371,1837,1,0,1,0,2,8,9,8,0,25
18411,1841,1,0,1,0,2,8,9,8,0,25
18451,1845,1,0,1,0,2,8,9,8,0,25
18491,1849,1,0,1,0,2,8,8,8,0,24
18531,1853,1,0,1,0,2,7,7,7,0,21
18571,1857,1,0,1,0,2,6,6,6,0,18
18611,1861,1,0,1,0,2,5,5,5,0,15
18651,1865,1,0,1,0,2,4,4,4,0,12

B1 bucket number,IP1,IP2,IP5,IP8
121,-,9031,-,-
161,-,9071,-,-
201,-,9111,-,-
241,-,9151,-,-
281,-,9191,-,-
321,-,9231,-,-
361,-,9271,-,-
401,-,9311,-,-
441,-,9351,-,-
481,-,9391,-,-
521,-,9431,-,-
561,-,9471,-,-
601,601,9511,-,-
641,641,9551,-,-
681,681,9591,-,-
721,721,9631,-,-
761,761,9671,-,-
801,801,9711,-,-
9031,9031,-,-,-
9071,9071,-,-,-
9111,9111,-,-,-
9151,9151,-,-,-
9191,9191,-,-,-
9231,9231,-,-,-
9271,9271,-,-,-
9311,9311,-,-,-
9351,9351,-,-,-
9391,9391,-,-,-
9431,9431,-,-,-
9471,9471,-,-,-
9511,9511,-,-,-
9551,9551,-,-,-
9591,9591,-,-,-
9631,9631,-,-,-
9671,9671,-,-,-
9711,9711,-,-,-
17971,17971,-,-,-
18011,18011,-,-,-
18051,18051,-,-,-
18091,18091,-,-,-
18131,18131,-,-,-
18171,18171,-,-,-
18211,18211,-,-,-
18251,18251,-,-,-
18291,18291,-,-,-
18331,18331,-,-,-
18371,18371,-,-,-
18411,18411,-,-,-
18451,18451,-,-,-
18491,18491,-,-,-
18531,18531,-,-,-
18571,18571,-,-,-
18611,18611,-,-,-
18651,18651,-,-,-

B2 bucket number,IP1,IP2,IP5,IP8
601,601,-,-,-
641,641,-,-,-
681,681,-,-,-
721,721,-,-,-
761,761,-,-,-
801,801,-,-,-
841,-,-,-,-
881,-,-,-,-
921,-,-,-,-
961,-,-,-,-
1001,-,-,-,-
1041,-,-,-,-
1081,-,-,-,-
1121,-,-,-,-
1161,-,-,-,-
1201,-,-,-,-
1241,-,-,-,-
1281,-,-,-,-
9031,9031,121,-,-
9071,9071,161,-,-
9111,9111,201,-,-
9151,9151,241,-,-
9191,9191,281,-,-
9231,9231,321,-,-
9271,9271,361,-,-
9311,9311,401,-,-
9351,9351,441,-,-
9391,9391,481,-,-
9431,9431,521,-,-
9471,9471,561,-,-
9511,9511,601,-,-
9551,9551,641,-,-
9591,9591,681,-,-
9631,9631,721,-,-
9671,9671,761,-,-
9711,9711,801,-,-
17971,17971,-,-,-
18011,18011,-,-,-
18051,18051,-,-,-
18091,18091,-,-,-
18131,18131,-,-,-
18171,18171,-,-,-
18211,18211,-,-,-
18251,18251,-,-,-
18291,18291,-,-,-
18331,18331,-,-,-
18371,18371,-,-,-
18411,18411,-,-,-
18451,18451,-,-,-
18491,18491,-,-,-
18531,18531,-,-,-
18571,18571,-,-,-
18611,18611,-,-,-
18651,18651,-,-,-
