INJECTION SCHEME : Multi_50b_3_31_16_4bpi13inj

idx,inj Nbr,	Ring,RF Bucket,Bu Spac (ns),bu per PS batch,SPS Batch spac,PSbatch nbr,bu Int[1e9p]
1,	1,	ring_2,	51,		0,		1,		1000,	3,	100
2,	2,	ring_2,	1251,		0,		1,		1000,	4,	100
3,	3,	ring_2,	2851,		0,		1,		1000,	4,	100
4,	4,	ring_2,	4451,		0,		1,		1000,	4,	100
5,	1,	ring_1,	8761,		0,		1,		1000,	3,	100
6,	5,	ring_2,	8761,		0,		1,		1000,	3,	100
7,	2,	ring_1,	10761,		0,		1,		1000,	4,	100
8,	6,	ring_2,	10941,		0,		1,		1000,	4,	100
9,	3,	ring_1,	12361,		0,		1,		1000,	4,	100
10,	7,	ring_2,	12541,		0,		1,		1000,	4,	100
11,	4,	ring_1,	13961,		0,		1,		1000,	4,	100
12,	8,	ring_2,	14141,		0,		1,		1000,	4,	100
13,	5,	ring_1,	15561,		0,		1,		1000,	4,	100
14,	9,	ring_2,	15741,		0,		1,		1000,	4,	100
15,	10,	ring_2,	19671,		0,		1,		1000,	4,	100
16,	6,	ring_1,	19881,		0,		1,		1000,	4,	100
17,	11,	ring_2,	21271,		0,		1,		1000,	4,	100
18,	7,	ring_1,	21481,		0,		1,		1000,	4,	100
19,	12,	ring_2,	22871,		0,		1,		1000,	4,	100
20,	8,	ring_1,	23081,		0,		1,		1000,	4,	100
21,	13,	ring_2,	24471,		0,		1,		1000,	4,	100
22,	9,	ring_1,	24681,		0,		1,		1000,	4,	100
23,	10,	ring_1,	26781,		0,		1,		1000,	3,	100
24,	11,	ring_1,	27981,		0,		1,		1000,	4,	100
25,	12,	ring_1,	29581,		0,		1,		1000,	4,	100
26,	13,	ring_1,	31181,		0,		1,		1000,	4,	100
Bu Spac : space in ns between bunches in the same PS train
SPS Batch Spac : space in ns between 2 first bunches of consecutive PS trains in the SPS

Tot number of B1 bunches(probe/Nominal) : 1/49
Tot number of B2 bunches(probe/Nominal) : 1/49

Tot number of B1 injections : 13
Tot number of B2 injections : 13

Collisions at IP1&5 : 3
B1-empty at IP1&5 : 47
B2-empty at IP1&5 : 47
Empty-empty at IP1&5 : 3467

Collisions at IP2 : 3
B1-empty at IP2 : 47
B2-empty at IP2 : 47
Empty-empty at IP2 : 3467

Collisions at IP8 : 16
B1-empty at IP8 : 34
B2-empty at IP8 : 34
Empty-empty at IP8 : 3454

IR1
RFbucketbeam1,RFbucketbeam2,z-pos/m
8761,8761,0
9161,9161,0
9561,9561,0

IR2
RFbucketbeam1,RFbucketbeam2,z-pos/m
10761,19671,0
11161,20071,0
11561,20471,0
11961,20871,0
12361,21271,0
12761,21671,0
13161,22071,0
13561,22471,0
13961,22871,0
14361,23271,0
14761,23671,0
15161,24071,0
15561,24471,0
15961,24871,0
16361,25271,0
16761,25671,0
26781,51,0
27181,451,0
27581,851,0
27981,1251,0
28381,1651,0
28781,2051,0
29181,2451,0
29581,2851,0
29981,3251,0
30381,3651,0
30781,4051,0
31181,4451,0
31581,4851,0
31981,5251,0
32381,5651,0

IR5
RFbucketbeam1,RFbucketbeam2,z-pos/m
8761,8761,0
9161,9161,0
9561,9561,0

IR8
RFbucketbeam1,RFbucketbeam2,z-pos/m
9161,51,-63.64
9561,451,-63.64
10761,1651,-63.64
11161,2051,-63.64
11561,2451,-63.64
11961,2851,-63.64
12361,3251,-63.64
12761,3651,-63.64
13161,4051,-63.64
13561,4451,-63.64
13961,4851,-63.64
14361,5251,-63.64
14761,5651,-63.64
28781,19671,-63.64
29181,20071,-63.64
29581,20471,-63.64
29981,20871,-63.64
30381,21271,-63.64
30781,21671,-63.64
31181,22071,-63.64
31581,22471,-63.64
31981,22871,-63.64
32381,23271,-63.64
19881,10941,0
20281,11341,0
20681,11741,0
21081,12141,0
21481,12541,0
21881,12941,0
22281,13341,0
22681,13741,0
23081,14141,0
23481,14541,0
23881,14941,0
24281,15341,0
24681,15741,0
25081,16141,0
25481,16541,0
25881,16941,0

BEAM 1
RFbucket,Slot,Head-On IP1,Head-On IP2,Head-On IP5,Head-On IP8,Head-On Tot,LR IP1,LR IP2,LR IP5,LR IP8,LR Tot
8761,876,1,0,1,0,2,0,0,0,0,0
9161,916,1,0,1,0,2,0,0,0,1,1
9561,956,1,0,1,0,2,0,0,0,1,1
10761,1076,0,1,0,0,1,0,0,0,1,1
11161,1116,0,1,0,0,1,0,0,0,1,1
11561,1156,0,1,0,0,1,0,0,0,1,1
11961,1196,0,1,0,0,1,0,0,0,1,1
12361,1236,0,1,0,0,1,0,0,0,1,1
12761,1276,0,1,0,0,1,0,0,0,1,1
13161,1316,0,1,0,0,1,0,0,0,1,1
13561,1356,0,1,0,0,1,0,0,0,1,1
13961,1396,0,1,0,0,1,0,0,0,1,1
14361,1436,0,1,0,0,1,0,0,0,1,1
14761,1476,0,1,0,0,1,0,0,0,1,1
15161,1516,0,1,0,0,1,0,0,0,0,0
15561,1556,0,1,0,0,1,0,0,0,0,0
15961,1596,0,1,0,0,1,0,0,0,0,0
16361,1636,0,1,0,0,1,0,0,0,0,0
16761,1676,0,1,0,0,1,0,0,0,0,0
19881,1988,0,0,0,1,1,0,0,0,0,0
20281,2028,0,0,0,1,1,0,0,0,0,0
20681,2068,0,0,0,1,1,0,0,0,0,0
21081,2108,0,0,0,1,1,0,0,0,0,0
21481,2148,0,0,0,1,1,0,0,0,0,0
21881,2188,0,0,0,1,1,0,0,0,0,0
22281,2228,0,0,0,1,1,0,0,0,0,0
22681,2268,0,0,0,1,1,0,0,0,0,0
23081,2308,0,0,0,1,1,0,0,0,0,0
23481,2348,0,0,0,1,1,0,0,0,0,0
23881,2388,0,0,0,1,1,0,0,0,0,0
24281,2428,0,0,0,1,1,0,0,0,0,0
24681,2468,0,0,0,1,1,0,0,0,0,0
25081,2508,0,0,0,1,1,0,0,0,0,0
25481,2548,0,0,0,1,1,0,0,0,0,0
25881,2588,0,0,0,1,1,0,0,0,0,0
26781,2678,0,1,0,0,1,0,0,0,0,0
27181,2718,0,1,0,0,1,0,0,0,0,0
27581,2758,0,1,0,0,1,0,0,0,0,0
27981,2798,0,1,0,0,1,0,0,0,0,0
28381,2838,0,1,0,0,1,0,0,0,0,0
28781,2878,0,1,0,0,1,0,0,0,1,1
29181,2918,0,1,0,0,1,0,0,0,1,1
29581,2958,0,1,0,0,1,0,0,0,1,1
29981,2998,0,1,0,0,1,0,0,0,1,1
30381,3038,0,1,0,0,1,0,0,0,1,1
30781,3078,0,1,0,0,1,0,0,0,1,1
31181,3118,0,1,0,0,1,0,0,0,1,1
31581,3158,0,1,0,0,1,0,0,0,1,1
31981,3198,0,1,0,0,1,0,0,0,1,1
32381,3238,0,1,0,0,1,0,0,0,1,1

BEAM 2
RFbucket,Slot,Head-On IP1,Head-On IP2,Head-On IP5,Head-On IP8,Head-On Tot,LR IP1,LR IP2,LR IP5,LR IP8,LR Tot
51,5,0,1,0,0,1,0,0,0,1,1
451,45,0,1,0,0,1,0,0,0,1,1
851,85,0,1,0,0,1,0,0,0,0,0
1251,125,0,1,0,0,1,0,0,0,0,0
1651,165,0,1,0,0,1,0,0,0,1,1
2051,205,0,1,0,0,1,0,0,0,1,1
2451,245,0,1,0,0,1,0,0,0,1,1
2851,285,0,1,0,0,1,0,0,0,1,1
3251,325,0,1,0,0,1,0,0,0,1,1
3651,365,0,1,0,0,1,0,0,0,1,1
4051,405,0,1,0,0,1,0,0,0,1,1
4451,445,0,1,0,0,1,0,0,0,1,1
4851,485,0,1,0,0,1,0,0,0,1,1
5251,525,0,1,0,0,1,0,0,0,1,1
5651,565,0,1,0,0,1,0,0,0,1,1
8761,876,1,0,1,0,2,0,0,0,0,0
9161,916,1,0,1,0,2,0,0,0,0,0
9561,956,1,0,1,0,2,0,0,0,0,0
10941,1094,0,0,0,1,1,0,0,0,0,0
11341,1134,0,0,0,1,1,0,0,0,0,0
11741,1174,0,0,0,1,1,0,0,0,0,0
12141,1214,0,0,0,1,1,0,0,0,0,0
12541,1254,0,0,0,1,1,0,0,0,0,0
12941,1294,0,0,0,1,1,0,0,0,0,0
13341,1334,0,0,0,1,1,0,0,0,0,0
13741,1374,0,0,0,1,1,0,0,0,0,0
14141,1414,0,0,0,1,1,0,0,0,0,0
14541,1454,0,0,0,1,1,0,0,0,0,0
14941,1494,0,0,0,1,1,0,0,0,0,0
15341,1534,0,0,0,1,1,0,0,0,0,0
15741,1574,0,0,0,1,1,0,0,0,0,0
16141,1614,0,0,0,1,1,0,0,0,0,0
16541,1654,0,0,0,1,1,0,0,0,0,0
16941,1694,0,0,0,1,1,0,0,0,0,0
19671,1967,0,1,0,0,1,0,0,0,1,1
20071,2007,0,1,0,0,1,0,0,0,1,1
20471,2047,0,1,0,0,1,0,0,0,1,1
20871,2087,0,1,0,0,1,0,0,0,1,1
21271,2127,0,1,0,0,1,0,0,0,1,1
21671,2167,0,1,0,0,1,0,0,0,1,1
22071,2207,0,1,0,0,1,0,0,0,1,1
22471,2247,0,1,0,0,1,0,0,0,1,1
22871,2287,0,1,0,0,1,0,0,0,1,1
23271,2327,0,1,0,0,1,0,0,0,1,1
23671,2367,0,1,0,0,1,0,0,0,0,0
24071,2407,0,1,0,0,1,0,0,0,0,0
24471,2447,0,1,0,0,1,0,0,0,0,0
24871,2487,0,1,0,0,1,0,0,0,0,0
25271,2527,0,1,0,0,1,0,0,0,0,0
25671,2567,0,1,0,0,1,0,0,0,0,0

B1 bucket number,IP1,IP2,IP5,IP8
8761,8761,-,-,-
9161,9161,-,-,-
9561,9561,-,-,-
10761,-,19671,-,-
11161,-,20071,-,-
11561,-,20471,-,-
11961,-,20871,-,-
12361,-,21271,-,-
12761,-,21671,-,-
13161,-,22071,-,-
13561,-,22471,-,-
13961,-,22871,-,-
14361,-,23271,-,-
14761,-,23671,-,-
15161,-,24071,-,-
15561,-,24471,-,-
15961,-,24871,-,-
16361,-,25271,-,-
16761,-,25671,-,-
19881,-,-,-,-
20281,-,-,-,-
20681,-,-,-,-
21081,-,-,-,-
21481,-,-,-,-
21881,-,-,-,-
22281,-,-,-,-
22681,-,-,-,-
23081,-,-,-,-
23481,-,-,-,-
23881,-,-,-,-
24281,-,-,-,-
24681,-,-,-,-
25081,-,-,-,-
25481,-,-,-,-
25881,-,-,-,-
26781,-,51,-,-
27181,-,451,-,-
27581,-,851,-,-
27981,-,1251,-,-
28381,-,1651,-,-
28781,-,2051,-,-
29181,-,2451,-,-
29581,-,2851,-,-
29981,-,3251,-,-
30381,-,3651,-,-
30781,-,4051,-,-
31181,-,4451,-,-
31581,-,4851,-,-
31981,-,5251,-,-
32381,-,5651,-,-

B2 bucket number,IP1,IP2,IP5,IP8
51,-,26781,-,-
451,-,27181,-,-
851,-,27581,-,-
1251,-,27981,-,-
1651,-,28381,-,-
2051,-,28781,-,-
2451,-,29181,-,-
2851,-,29581,-,-
3251,-,29981,-,-
3651,-,30381,-,-
4051,-,30781,-,-
4451,-,31181,-,-
4851,-,31581,-,-
5251,-,31981,-,-
5651,-,32381,-,-
8761,8761,-,-,-
9161,9161,-,-,-
9561,9561,-,-,-
10941,-,-,-,-
11341,-,-,-,-
11741,-,-,-,-
12141,-,-,-,-
12541,-,-,-,-
12941,-,-,-,-
13341,-,-,-,-
13741,-,-,-,-
14141,-,-,-,-
14541,-,-,-,-
14941,-,-,-,-
15341,-,-,-,-
15741,-,-,-,-
16141,-,-,-,-
16541,-,-,-,-
16941,-,-,-,-
19671,-,10761,-,-
20071,-,11161,-,-
20471,-,11561,-,-
20871,-,11961,-,-
21271,-,12361,-,-
21671,-,12761,-,-
22071,-,13161,-,-
22471,-,13561,-,-
22871,-,13961,-,-
23271,-,14361,-,-
23671,-,14761,-,-
24071,-,15161,-,-
24471,-,15561,-,-
24871,-,15961,-,-
25271,-,16361,-,-
25671,-,16761,-,-
