INJECTION SCHEME : Multi_39b_37_15_15_4bpi11inj

idx,inj Nbr,	Ring,RF Bucket,Bu Spac (ns),bu per PS batch,SPS Batch spac,PSbatch nbr,bu Int[1e9p]
1,	1,	ring_1,	1,		0,		1,		2000,	4,	150
2,	1,	ring_2,	1,		0,		1,		2000,	4,	150
3,	2,	ring_1,	3201,		0,		1,		2000,	4,	150
4,	2,	ring_2,	3201,		0,		1,		2000,	4,	150
5,	3,	ring_1,	6401,		0,		1,		2000,	3,	150
6,	3,	ring_2,	6401,		0,		1,		2000,	3,	150
7,	4,	ring_1,	8941,		0,		1,		2000,	2,	150
8,	4,	ring_2,	10511,		0,		1,		2000,	2,	150
9,	5,	ring_1,	12141,		0,		1,		2000,	4,	150
10,	5,	ring_2,	12141,		0,		1,		2000,	4,	150
11,	6,	ring_1,	15341,		0,		1,		2000,	3,	150
12,	6,	ring_2,	15341,		0,		1,		2000,	3,	150
13,	7,	ring_1,	17851,		0,		1,		2000,	4,	150
14,	7,	ring_2,	17851,		0,		1,		2000,	4,	150
15,	8,	ring_1,	21051,		0,		1,		2000,	4,	150
16,	8,	ring_2,	21051,		0,		1,		2000,	4,	150
17,	9,	ring_1,	24251,		0,		1,		2000,	3,	150
18,	9,	ring_2,	24251,		0,		1,		2000,	3,	150
19,	10,	ring_1,	26761,		0,		1,		2000,	4,	150
20,	10,	ring_2,	26761,		0,		1,		2000,	4,	150
21,	11,	ring_1,	29991,		0,		1,		2000,	4,	150
22,	11,	ring_2,	29991,		0,		1,		2000,	4,	150
Bu Spac : space in ns between bunches in the same PS train
SPS Batch Spac : space in ns between 2 first bunches of consecutive PS trains in the SPS

Tot number of B1 bunches(probe/Nominal) : 0/39
Tot number of B2 bunches(probe/Nominal) : 0/39

Tot number of B1 injections : 11
Tot number of B2 injections : 11

Collisions at IP1&5 : 37
B1-empty at IP1&5 : 2
B2-empty at IP1&5 : 2
Empty-empty at IP1&5 : 3523

Collisions at IP2 : 37
B1-empty at IP2 : 2
B2-empty at IP2 : 2
Empty-empty at IP2 : 3523

Collisions at IP8 : 15
B1-empty at IP8 : 24
B2-empty at IP8 : 24
Empty-empty at IP8 : 3545

IR1
RFbucketbeam1,RFbucketbeam2,z-pos/m
1,1,0
801,801,0
1601,1601,0
2401,2401,0
3201,3201,0
4001,4001,0
4801,4801,0
5601,5601,0
6401,6401,0
7201,7201,0
8001,8001,0
12141,12141,0
12941,12941,0
13741,13741,0
14541,14541,0
15341,15341,0
16141,16141,0
16941,16941,0
17851,17851,0
18651,18651,0
19451,19451,0
20251,20251,0
21051,21051,0
21851,21851,0
22651,22651,0
23451,23451,0
24251,24251,0
25051,25051,0
25851,25851,0
26761,26761,0
27561,27561,0
28361,28361,0
29161,29161,0
29991,29991,0
30791,30791,0
31591,31591,0
32391,32391,0

IR2
RFbucketbeam1,RFbucketbeam2,z-pos/m
29991,3201,-22.46
30791,4001,-22.46
31591,4801,-22.46
32391,5601,-22.46
26761,1,-11.23
27561,801,-11.23
28361,1601,-11.23
29161,2401,-11.23
1601,10511,0
2401,11311,0
8941,17851,0
9741,18651,0
12141,21051,0
12941,21851,0
13741,22651,0
14541,23451,0
15341,24251,0
16141,25051,0
16941,25851,0
17851,26761,0
18651,27561,0
19451,28361,0
20251,29161,0
3201,12141,11.23
4001,12941,11.23
4801,13741,11.23
5601,14541,11.23
6401,15341,11.23
7201,16141,11.23
8001,16941,11.23
21051,29991,11.23
21851,30791,11.23
22651,31591,11.23
23451,32391,11.23

IR5
RFbucketbeam1,RFbucketbeam2,z-pos/m
1,1,0
801,801,0
1601,1601,0
2401,2401,0
3201,3201,0
4001,4001,0
4801,4801,0
5601,5601,0
6401,6401,0
7201,7201,0
8001,8001,0
12141,12141,0
12941,12941,0
13741,13741,0
14541,14541,0
15341,15341,0
16141,16141,0
16941,16941,0
17851,17851,0
18651,18651,0
19451,19451,0
20251,20251,0
21051,21051,0
21851,21851,0
22651,22651,0
23451,23451,0
24251,24251,0
25051,25051,0
25851,25851,0
26761,26761,0
27561,27561,0
28361,28361,0
29161,29161,0
29991,29991,0
30791,30791,0
31591,31591,0
32391,32391,0

IR8
RFbucketbeam1,RFbucketbeam2,z-pos/m
8941,1,0
9741,801,0
12141,3201,0
12941,4001,0
13741,4801,0
14541,5601,0
15341,6401,0
16141,7201,0
16941,8001,0
19451,10511,0
20251,11311,0
29991,21051,0
30791,21851,0
31591,22651,0
32391,23451,0
21051,12141,11.23
21851,12941,11.23
22651,13741,11.23
23451,14541,11.23
24251,15341,11.23
25051,16141,11.23
25851,16941,11.23
26761,17851,11.23
27561,18651,11.23
28361,19451,11.23
29161,20251,11.23
1,26761,22.46
801,27561,22.46
1601,28361,22.46
2401,29161,22.46
3201,29991,33.69
4001,30791,33.69
4801,31591,33.69
5601,32391,33.69

BEAM 1
RFbucket,Slot,Head-On IP1,Head-On IP2,Head-On IP5,Head-On IP8,Head-On Tot,LR IP1,LR IP2,LR IP5,LR IP8,LR Tot
1,0,1,0,1,0,2,0,0,0,1,1
801,80,1,0,1,0,2,0,0,0,1,1
1601,160,1,1,1,0,3,0,0,0,1,1
2401,240,1,1,1,0,3,0,0,0,1,1
3201,320,1,0,1,0,2,0,1,0,1,2
4001,400,1,0,1,0,2,0,1,0,1,2
4801,480,1,0,1,0,2,0,1,0,1,2
5601,560,1,0,1,0,2,0,1,0,1,2
6401,640,1,0,1,0,2,0,1,0,0,1
7201,720,1,0,1,0,2,0,1,0,0,1
8001,800,1,0,1,0,2,0,1,0,0,1
8941,894,0,1,0,1,2,0,0,0,0,0
9741,974,0,1,0,1,2,0,0,0,0,0
12141,1214,1,1,1,1,4,0,0,0,0,0
12941,1294,1,1,1,1,4,0,0,0,0,0
13741,1374,1,1,1,1,4,0,0,0,0,0
14541,1454,1,1,1,1,4,0,0,0,0,0
15341,1534,1,1,1,1,4,0,0,0,0,0
16141,1614,1,1,1,1,4,0,0,0,0,0
16941,1694,1,1,1,1,4,0,0,0,0,0
17851,1785,1,1,1,0,3,0,0,0,0,0
18651,1865,1,1,1,0,3,0,0,0,0,0
19451,1945,1,1,1,1,4,0,0,0,0,0
20251,2025,1,1,1,1,4,0,0,0,0,0
21051,2105,1,0,1,0,2,0,1,0,1,2
21851,2185,1,0,1,0,2,0,1,0,1,2
22651,2265,1,0,1,0,2,0,1,0,1,2
23451,2345,1,0,1,0,2,0,1,0,1,2
24251,2425,1,0,1,0,2,0,0,0,1,1
25051,2505,1,0,1,0,2,0,0,0,1,1
25851,2585,1,0,1,0,2,0,0,0,1,1
26761,2676,1,0,1,0,2,0,1,0,1,2
27561,2756,1,0,1,0,2,0,1,0,1,2
28361,2836,1,0,1,0,2,0,1,0,1,2
29161,2916,1,0,1,0,2,0,1,0,1,2
29991,2999,1,0,1,1,3,0,1,0,0,1
30791,3079,1,0,1,1,3,0,1,0,0,1
31591,3159,1,0,1,1,3,0,1,0,0,1
32391,3239,1,0,1,1,3,0,1,0,0,1

BEAM 2
RFbucket,Slot,Head-On IP1,Head-On IP2,Head-On IP5,Head-On IP8,Head-On Tot,LR IP1,LR IP2,LR IP5,LR IP8,LR Tot
1,0,1,0,1,1,3,0,1,0,0,1
801,80,1,0,1,1,3,0,1,0,0,1
1601,160,1,0,1,0,2,0,1,0,0,1
2401,240,1,0,1,0,2,0,1,0,0,1
3201,320,1,0,1,1,3,0,1,0,0,1
4001,400,1,0,1,1,3,0,1,0,0,1
4801,480,1,0,1,1,3,0,1,0,0,1
5601,560,1,0,1,1,3,0,1,0,0,1
6401,640,1,0,1,1,3,0,0,0,0,0
7201,720,1,0,1,1,3,0,0,0,0,0
8001,800,1,0,1,1,3,0,0,0,0,0
10511,1051,0,1,0,1,2,0,0,0,0,0
11311,1131,0,1,0,1,2,0,0,0,0,0
12141,1214,1,0,1,0,2,0,1,0,1,2
12941,1294,1,0,1,0,2,0,1,0,1,2
13741,1374,1,0,1,0,2,0,1,0,1,2
14541,1454,1,0,1,0,2,0,1,0,1,2
15341,1534,1,0,1,0,2,0,1,0,1,2
16141,1614,1,0,1,0,2,0,1,0,1,2
16941,1694,1,0,1,0,2,0,1,0,1,2
17851,1785,1,1,1,0,3,0,0,0,1,1
18651,1865,1,1,1,0,3,0,0,0,1,1
19451,1945,1,0,1,0,2,0,0,0,1,1
20251,2025,1,0,1,0,2,0,0,0,1,1
21051,2105,1,1,1,1,4,0,0,0,0,0
21851,2185,1,1,1,1,4,0,0,0,0,0
22651,2265,1,1,1,1,4,0,0,0,0,0
23451,2345,1,1,1,1,4,0,0,0,0,0
24251,2425,1,1,1,0,3,0,0,0,0,0
25051,2505,1,1,1,0,3,0,0,0,0,0
25851,2585,1,1,1,0,3,0,0,0,0,0
26761,2676,1,1,1,0,3,0,0,0,1,1
27561,2756,1,1,1,0,3,0,0,0,1,1
28361,2836,1,1,1,0,3,0,0,0,1,1
29161,2916,1,1,1,0,3,0,0,0,1,1
29991,2999,1,0,1,0,2,0,1,0,1,2
30791,3079,1,0,1,0,2,0,1,0,1,2
31591,3159,1,0,1,0,2,0,1,0,1,2
32391,3239,1,0,1,0,2,0,1,0,1,2

B1 bucket number,IP1,IP2,IP5,IP8
1,1,-,-,-
801,801,-,-,-
1601,1601,10511,-,-
2401,2401,11311,-,-
3201,3201,-,-,-
4001,4001,-,-,-
4801,4801,-,-,-
5601,5601,-,-,-
6401,6401,-,-,-
7201,7201,-,-,-
8001,8001,-,-,-
8941,-,17851,-,-
9741,-,18651,-,-
12141,12141,21051,-,-
12941,12941,21851,-,-
13741,13741,22651,-,-
14541,14541,23451,-,-
15341,15341,24251,-,-
16141,16141,25051,-,-
16941,16941,25851,-,-
17851,17851,26761,-,-
18651,18651,27561,-,-
19451,19451,28361,-,-
20251,20251,29161,-,-
21051,21051,-,-,-
21851,21851,-,-,-
22651,22651,-,-,-
23451,23451,-,-,-
24251,24251,-,-,-
25051,25051,-,-,-
25851,25851,-,-,-
26761,26761,-,-,-
27561,27561,-,-,-
28361,28361,-,-,-
29161,29161,-,-,-
29991,29991,-,-,-
30791,30791,-,-,-
31591,31591,-,-,-
32391,32391,-,-,-

B2 bucket number,IP1,IP2,IP5,IP8
1,1,-,-,-
801,801,-,-,-
1601,1601,-,-,-
2401,2401,-,-,-
3201,3201,-,-,-
4001,4001,-,-,-
4801,4801,-,-,-
5601,5601,-,-,-
6401,6401,-,-,-
7201,7201,-,-,-
8001,8001,-,-,-
10511,-,1601,-,-
11311,-,2401,-,-
12141,12141,-,-,-
12941,12941,-,-,-
13741,13741,-,-,-
14541,14541,-,-,-
15341,15341,-,-,-
16141,16141,-,-,-
16941,16941,-,-,-
17851,17851,8941,-,-
18651,18651,9741,-,-
19451,19451,-,-,-
20251,20251,-,-,-
21051,21051,12141,-,-
21851,21851,12941,-,-
22651,22651,13741,-,-
23451,23451,14541,-,-
24251,24251,15341,-,-
25051,25051,16141,-,-
25851,25851,16941,-,-
26761,26761,17851,-,-
27561,27561,18651,-,-
28361,28361,19451,-,-
29161,29161,20251,-,-
29991,29991,-,-,-
30791,30791,-,-,-
31591,31591,-,-,-
32391,32391,-,-,-
