Fill  Filling Scheme                    Runs
3846  Multi_39b_37_15_15_4bpi11inj      247607
3847  Multi_39b_37_15_15_4bpi11inj      247623
3848  Multi_12b_11_4_4_4bpi3inj         247642,247644
3851  Multi_39b_37_15_15_4bpi11inj      247710,247711,247720
3855  Multi_39b_37_15_15_4bpi11inj      247920,247931,247934
3858  50ns_50b_38_31_36_6bpi10inj_wp    248038
3976  50ns_152b_110_36_108_36bpi7inj    251244,251251,251252
3983  50ns_296b_254_36_246_36bpi11inj   251521
3988  50ns_296b_254_36_246_36bpi11inj   251561,251562
3992  50ns_476b_414_32_397_72bpi10inj   251643
3996  50ns_476b_414_32_397_72bpi10inj   251721
4008  50ns_298b_256_38_246_36bpi13inj   251883
4201  25ns_26b_26_10_14_12bpi4inj       254231,254232
4205  25ns_86b_74_53_54_24bpi7inj       254292,254293,254294 
4207  25ns_86b_74_53_53_24bpi7inj       254307,254319
4208  25ns_86b_74_53_53_24bpi7inj       254332
4210  25ns_158b_146_108_120_24bpi12inj  254341,254342
4211  25ns_158b_146_108_120_24bpi12inj  254349
4220  25ns_219b_207_174_180_48bpi8inj   254458,254459
4231  25ns_315b_303_270_276_72bpi9inj   254608
4243  25ns_315b_303_270_276_72bpi9inj   254790
4249  25ns_459b_447_351_372_72bpi11inj  254852
4254  25ns_458b_446_360_372_48bpi13inj  254879
4256  25ns_458b_446_360_372_48bpi13inj  254905,254906,254907
4257  25ns_458b_446_360_372_48bpi13inj  254914
4376  25ns_1033b_1021_878_885_144bpi10inj  256630
4381  25ns_1033b_1021_878_885_144bpi10inj  256673,256674,256675,256677
4384  25ns_1033b_1021_878_885_144bpi10inj  256729,256734
4386  25ns_1177b_1165_1080_1110_144bpi11inj  256801
4391  25ns_1033b_1021_878_885_144bpi10inj  256842,256843
4393  25ns_1177b_1165_1080_1110_144bpi11inj  256866,256867,256869
4397  25ns_1177b_1165_1080_1110_144bpi11inj  256926
