Multi_39b_37_15_15_4bpi11inj
0,80,160,240,320,400,480,560,640,720,800,894,974,1214,1294,1374,1454,1534,1614,1694,1785,1865,1945,2025,2105,2185,2265,2345,2425,2505,2585,2676,2756,2836,2916,2999,3079,3159,3239
0,80,160,240,320,400,480,560,640,720,800,1051,1131,1214,1294,1374,1454,1534,1614,1694,1785,1865,1945,2025,2105,2185,2265,2345,2425,2505,2585,2676,2756,2836,2916,2999,3079,3159,3239

Multi_12b_11_4_4_4bpi3inj
0,80,160,240,891,971,1051,1131,1785,1865,1945,2025
80,160,240,320,891,971,1051,1131,1785,1865,1945,2025

50ns_50b_38_31_36_6bpi10inj_wp
0,2,4,6,8,10,210,212,214,216,218,220,465,894,896,898,900,902,904,1104,1106,1108,1110,1112,1114,1336,1785,1787,1789,1791,1793,1795,1995,1997,1999,2001,2003,2005,2227,2679,2681,2683,2685,2687,2689,2889,2891,2893,2895,2897,2899
0,2,4,6,8,10,210,212,214,216,218,220,475,891,893,895,897,899,901,1101,1103,1105,1107,1109,1111,1336,1785,1787,1789,1791,1793,1795,1995,1997,1999,2001,2003,2005,2227,2679,2681,2683,2685,2687,2689,2889,2891,2893,2895,2897,2899

50ns_152b_110_36_108_36bpi7inj
0,2,4,6,8,10,58,60,62,64,66,68,70,72,74,76,78,80,82,84,86,88,90,92,94,96,98,100,102,104,106,108,110,112,114,116,118,120,122,124,126,128,952,954,956,958,960,962,964,966,968,970,972,974,976,978,980,982,984,986,988,990,992,994,996,998,1000,1002,1004,1006,1008,1010,1012,1014,1016,1018,1020,1022,1062,1846,1848,1850,1852,1854,1856,1858,1860,1862,1864,1866,1868,1870,1872,1874,1876,1878,1880,1882,1884,1886,1888,1890,1892,1894,1896,1898,1900,1902,1904,1906,1908,1910,1912,1914,1916,2697,2740,2742,2744,2746,2748,2750,2752,2754,2756,2758,2760,2762,2764,2766,2768,2770,2772,2774,2776,2778,2780,2782,2784,2786,2788,2790,2792,2794,2796,2798,2800,2802,2804,2806,2808,2810
12,14,16,18,20,22,58,60,62,64,66,68,70,72,74,76,78,80,82,84,86,88,90,92,94,96,98,100,102,104,106,108,110,112,114,116,118,120,122,124,126,128,952,954,956,958,960,962,964,966,968,970,972,974,976,978,980,982,984,986,988,990,992,994,996,998,1000,1002,1004,1006,1008,1010,1012,1014,1016,1018,1020,1022,1062,1846,1848,1850,1852,1854,1856,1858,1860,1862,1864,1866,1868,1870,1872,1874,1876,1878,1880,1882,1884,1886,1888,1890,1892,1894,1896,1898,1900,1902,1904,1906,1908,1910,1912,1914,1916,2697,2737,2739,2741,2743,2745,2747,2749,2751,2753,2755,2757,2759,2761,2763,2765,2767,2769,2771,2773,2775,2777,2779,2781,2783,2785,2787,2789,2791,2793,2795,2797,2799,2801,2803,2805,2807

50ns_296b_254_36_246_36bpi11inj
0,2,4,6,8,10,79,81,83,85,87,89,91,93,95,97,99,101,103,105,107,109,111,113,115,117,119,121,123,125,127,129,131,133,135,137,139,141,143,145,147,149,189,191,193,195,197,199,201,203,205,207,209,211,213,215,217,219,221,223,225,227,229,231,233,235,237,239,241,243,245,247,249,251,253,255,257,259,973,975,977,979,981,983,985,987,989,991,993,995,997,999,1001,1003,1005,1007,1009,1011,1013,1015,1017,1019,1021,1023,1025,1027,1029,1031,1033,1035,1037,1039,1041,1043,1083,1085,1087,1089,1091,1093,1095,1097,1099,1101,1103,1105,1107,1109,1111,1113,1115,1117,1119,1121,1123,1125,1127,1129,1131,1133,1135,1137,1139,1141,1143,1145,1147,1149,1151,1153,1193,1827,1867,1869,1871,1873,1875,1877,1879,1881,1883,1885,1887,1889,1891,1893,1895,1897,1899,1901,1903,1905,1907,1909,1911,1913,1915,1917,1919,1921,1923,1925,1927,1929,1931,1933,1935,1937,1977,1979,1981,1983,1985,1987,1989,1991,1993,1995,1997,1999,2001,2003,2005,2007,2009,2011,2013,2015,2017,2019,2021,2023,2025,2027,2029,2031,2033,2035,2037,2039,2041,2043,2045,2047,2761,2763,2765,2767,2769,2771,2773,2775,2777,2779,2781,2783,2785,2787,2789,2791,2793,2795,2797,2799,2801,2803,2805,2807,2809,2811,2813,2815,2817,2819,2821,2823,2825,2827,2829,2831,2871,2873,2875,2877,2879,2881,2883,2885,2887,2889,2891,2893,2895,2897,2899,2901,2903,2905,2907,2909,2911,2913,2915,2917,2919,2921,2923,2925,2927,2929,2931,2933,2935,2937,2939,2941
29,31,33,35,37,39,79,81,83,85,87,89,91,93,95,97,99,101,103,105,107,109,111,113,115,117,119,121,123,125,127,129,131,133,135,137,139,141,143,145,147,149,189,191,193,195,197,199,201,203,205,207,209,211,213,215,217,219,221,223,225,227,229,231,233,235,237,239,241,243,245,247,249,251,253,255,257,259,973,975,977,979,981,983,985,987,989,991,993,995,997,999,1001,1003,1005,1007,1009,1011,1013,1015,1017,1019,1021,1023,1025,1027,1029,1031,1033,1035,1037,1039,1041,1043,1083,1085,1087,1089,1091,1093,1095,1097,1099,1101,1103,1105,1107,1109,1111,1113,1115,1117,1119,1121,1123,1125,1127,1129,1131,1133,1135,1137,1139,1141,1143,1145,1147,1149,1151,1153,1193,1827,1867,1869,1871,1873,1875,1877,1879,1881,1883,1885,1887,1889,1891,1893,1895,1897,1899,1901,1903,1905,1907,1909,1911,1913,1915,1917,1919,1921,1923,1925,1927,1929,1931,1933,1935,1937,1977,1979,1981,1983,1985,1987,1989,1991,1993,1995,1997,1999,2001,2003,2005,2007,2009,2011,2013,2015,2017,2019,2021,2023,2025,2027,2029,2031,2033,2035,2037,2039,2041,2043,2045,2047,2758,2760,2762,2764,2766,2768,2770,2772,2774,2776,2778,2780,2782,2784,2786,2788,2790,2792,2794,2796,2798,2800,2802,2804,2806,2808,2810,2812,2814,2816,2818,2820,2822,2824,2826,2828,2871,2873,2875,2877,2879,2881,2883,2885,2887,2889,2891,2893,2895,2897,2899,2901,2903,2905,2907,2909,2911,2913,2915,2917,2919,2921,2923,2925,2927,2929,2931,2933,2935,2937,2939,2941

50ns_476b_414_32_397_72bpi10inj
0,2,4,6,8,10,79,81,83,85,87,89,91,93,95,97,99,101,103,105,107,109,111,113,115,117,119,121,123,125,127,129,131,133,135,137,139,141,143,145,147,149,159,161,163,165,167,169,171,173,175,177,179,181,183,185,187,189,191,193,195,197,199,201,203,205,207,209,211,213,215,217,219,221,223,225,227,229,269,271,273,275,277,279,281,283,285,287,289,291,293,295,297,299,301,303,305,307,309,311,313,315,317,319,321,323,325,327,329,331,333,335,337,339,349,351,353,355,357,359,361,363,365,367,369,371,373,375,377,379,381,383,385,387,389,391,393,395,397,399,401,403,405,407,409,411,413,415,417,419,973,975,977,979,981,983,985,987,989,991,993,995,997,999,1001,1003,1005,1007,1009,1011,1013,1015,1017,1019,1021,1023,1025,1027,1029,1031,1033,1035,1037,1039,1041,1043,1053,1055,1057,1059,1061,1063,1065,1067,1069,1071,1073,1075,1077,1079,1081,1083,1085,1087,1089,1091,1093,1095,1097,1099,1101,1103,1105,1107,1109,1111,1113,1115,1117,1119,1121,1123,1269,1827,1867,1869,1871,1873,1875,1877,1879,1881,1883,1885,1887,1889,1891,1893,1895,1897,1899,1901,1903,1905,1907,1909,1911,1913,1915,1917,1919,1921,1923,1925,1927,1929,1931,1933,1935,1937,1947,1949,1951,1953,1955,1957,1959,1961,1963,1965,1967,1969,1971,1973,1975,1977,1979,1981,1983,1985,1987,1989,1991,1993,1995,1997,1999,2001,2003,2005,2007,2009,2011,2013,2015,2017,2060,2062,2064,2066,2068,2070,2072,2074,2076,2078,2080,2082,2084,2086,2088,2090,2092,2094,2096,2098,2100,2102,2104,2106,2108,2110,2112,2114,2116,2118,2120,2122,2124,2126,2128,2130,2761,2763,2765,2767,2769,2771,2773,2775,2777,2779,2781,2783,2785,2787,2789,2791,2793,2795,2797,2799,2801,2803,2805,2807,2809,2811,2813,2815,2817,2819,2821,2823,2825,2827,2829,2831,2841,2843,2845,2847,2849,2851,2853,2855,2857,2859,2861,2863,2865,2867,2869,2871,2873,2875,2877,2879,2881,2883,2885,2887,2889,2891,2893,2895,2897,2899,2901,2903,2905,2907,2909,2911,2951,2953,2955,2957,2959,2961,2963,2965,2967,2969,2971,2973,2975,2977,2979,2981,2983,2985,2987,2989,2991,2993,2995,2997,2999,3001,3003,3005,3007,3009,3011,3013,3015,3017,3019,3021,3031,3033,3035,3037,3039,3041,3043,3045,3047,3049,3051,3053,3055,3057,3059,3061,3063,3065,3067,3069,3071,3073,3075,3077,3079,3081,3083,3085,3087,3089,3091,3093,3095,3097,3099,3101
19,21,23,25,27,29,79,81,83,85,87,89,91,93,95,97,99,101,103,105,107,109,111,113,115,117,119,121,123,125,127,129,131,133,135,137,139,141,143,145,147,149,159,161,163,165,167,169,171,173,175,177,179,181,183,185,187,189,191,193,195,197,199,201,203,205,207,209,211,213,215,217,219,221,223,225,227,229,269,271,273,275,277,279,281,283,285,287,289,291,293,295,297,299,301,303,305,307,309,311,313,315,317,319,321,323,325,327,329,331,333,335,337,339,349,351,353,355,357,359,361,363,365,367,369,371,373,375,377,379,381,383,385,387,389,391,393,395,397,399,401,403,405,407,409,411,413,415,417,419,973,975,977,979,981,983,985,987,989,991,993,995,997,999,1001,1003,1005,1007,1009,1011,1013,1015,1017,1019,1021,1023,1025,1027,1029,1031,1033,1035,1037,1039,1041,1043,1053,1055,1057,1059,1061,1063,1065,1067,1069,1071,1073,1075,1077,1079,1081,1083,1085,1087,1089,1091,1093,1095,1097,1099,1101,1103,1105,1107,1109,1111,1113,1115,1117,1119,1121,1123,1269,1827,1867,1869,1871,1873,1875,1877,1879,1881,1883,1885,1887,1889,1891,1893,1895,1897,1899,1901,1903,1905,1907,1909,1911,1913,1915,1917,1919,1921,1923,1925,1927,1929,1931,1933,1935,1937,1947,1949,1951,1953,1955,1957,1959,1961,1963,1965,1967,1969,1971,1973,1975,1977,1979,1981,1983,1985,1987,1989,1991,1993,1995,1997,1999,2001,2003,2005,2007,2009,2011,2013,2015,2017,2057,2059,2061,2063,2065,2067,2069,2071,2073,2075,2077,2079,2081,2083,2085,2087,2089,2091,2093,2095,2097,2099,2101,2103,2105,2107,2109,2111,2113,2115,2117,2119,2121,2123,2125,2127,2749,2751,2753,2755,2757,2759,2761,2763,2765,2767,2769,2771,2773,2775,2777,2779,2781,2783,2785,2787,2789,2791,2793,2795,2797,2799,2801,2803,2805,2807,2809,2811,2813,2815,2817,2819,2829,2831,2833,2835,2837,2839,2841,2843,2845,2847,2849,2851,2853,2855,2857,2859,2861,2863,2865,2867,2869,2871,2873,2875,2877,2879,2881,2883,2885,2887,2889,2891,2893,2895,2897,2899,2939,2941,2943,2945,2947,2949,2951,2953,2955,2957,2959,2961,2963,2965,2967,2969,2971,2973,2975,2977,2979,2981,2983,2985,2987,2989,2991,2993,2995,2997,2999,3001,3003,3005,3007,3009,3019,3021,3023,3025,3027,3029,3031,3033,3035,3037,3039,3041,3043,3045,3047,3049,3051,3053,3055,3057,3059,3061,3063,3065,3067,3069,3071,3073,3075,3077,3079,3081,3083,3085,3087,3089

50ns_298b_256_38_246_36bpi13inj
0,2,4,6,8,10,79,81,83,85,87,89,91,93,95,97,99,101,103,105,107,109,111,113,115,117,119,121,123,125,127,129,131,133,135,137,139,141,143,145,147,149,189,191,193,195,197,199,201,203,205,207,209,211,213,215,217,219,221,223,225,227,229,231,233,235,237,239,241,243,245,247,249,251,253,255,257,259,936,973,975,977,979,981,983,985,987,989,991,993,995,997,999,1001,1003,1005,1007,1009,1011,1013,1015,1017,1019,1021,1023,1025,1027,1029,1031,1033,1035,1037,1039,1041,1043,1083,1085,1087,1089,1091,1093,1095,1097,1099,1101,1103,1105,1107,1109,1111,1113,1115,1117,1119,1121,1123,1125,1127,1129,1131,1133,1135,1137,1139,1141,1143,1145,1147,1149,1151,1153,1193,1827,1867,1869,1871,1873,1875,1877,1879,1881,1883,1885,1887,1889,1891,1893,1895,1897,1899,1901,1903,1905,1907,1909,1911,1913,1915,1917,1919,1921,1923,1925,1927,1929,1931,1933,1935,1937,1977,1979,1981,1983,1985,1987,1989,1991,1993,1995,1997,1999,2001,2003,2005,2007,2009,2011,2013,2015,2017,2019,2021,2023,2025,2027,2029,2031,2033,2035,2037,2039,2041,2043,2045,2047,2084,2761,2763,2765,2767,2769,2771,2773,2775,2777,2779,2781,2783,2785,2787,2789,2791,2793,2795,2797,2799,2801,2803,2805,2807,2809,2811,2813,2815,2817,2819,2821,2823,2825,2827,2829,2831,2871,2873,2875,2877,2879,2881,2883,2885,2887,2889,2891,2893,2895,2897,2899,2901,2903,2905,2907,2909,2911,2913,2915,2917,2919,2921,2923,2925,2927,2929,2931,2933,2935,2937,2939,2941
29,31,33,35,37,39,79,81,83,85,87,89,91,93,95,97,99,101,103,105,107,109,111,113,115,117,119,121,123,125,127,129,131,133,135,137,139,141,143,145,147,149,189,191,193,195,197,199,201,203,205,207,209,211,213,215,217,219,221,223,225,227,229,231,233,235,237,239,241,243,245,247,249,251,253,255,257,259,936,973,975,977,979,981,983,985,987,989,991,993,995,997,999,1001,1003,1005,1007,1009,1011,1013,1015,1017,1019,1021,1023,1025,1027,1029,1031,1033,1035,1037,1039,1041,1043,1083,1085,1087,1089,1091,1093,1095,1097,1099,1101,1103,1105,1107,1109,1111,1113,1115,1117,1119,1121,1123,1125,1127,1129,1131,1133,1135,1137,1139,1141,1143,1145,1147,1149,1151,1153,1193,1827,1867,1869,1871,1873,1875,1877,1879,1881,1883,1885,1887,1889,1891,1893,1895,1897,1899,1901,1903,1905,1907,1909,1911,1913,1915,1917,1919,1921,1923,1925,1927,1929,1931,1933,1935,1937,1977,1979,1981,1983,1985,1987,1989,1991,1993,1995,1997,1999,2001,2003,2005,2007,2009,2011,2013,2015,2017,2019,2021,2023,2025,2027,2029,2031,2033,2035,2037,2039,2041,2043,2045,2047,2084,2758,2760,2762,2764,2766,2768,2770,2772,2774,2776,2778,2780,2782,2784,2786,2788,2790,2792,2794,2796,2798,2800,2802,2804,2806,2808,2810,2812,2814,2816,2818,2820,2822,2824,2826,2828,2871,2873,2875,2877,2879,2881,2883,2885,2887,2889,2891,2893,2895,2897,2899,2901,2903,2905,2907,2909,2911,2913,2915,2917,2919,2921,2923,2925,2927,2929,2931,2933,2935,2937,2939,2941

25ns_26b_26_10_14_12bpi4inj
0,1,2,3,4,5,6,7,8,9,10,11,894,895,896,897,898,899,900,901,902,903,904,905,1779,2673
0,1,2,3,4,5,6,7,8,9,10,11,894,895,896,897,898,899,900,901,902,903,904,905,1779,2673

25ns_315b_303_270_276_72bpi9inj
0,60,140,180,181,182,183,184,185,186,187,188,189,190,191,231,232,233,234,235,236,237,238,239,240,241,242,322,323,324,325,326,327,328,329,330,331,332,333,334,335,336,337,338,339,340,341,342,343,344,345,346,347,348,349,350,351,352,353,354,355,356,357,358,359,360,361,362,363,364,365,366,367,368,369,370,371,372,373,374,375,376,377,378,379,380,381,382,383,384,385,386,387,388,389,390,391,392,393,1216,1217,1218,1219,1220,1221,1222,1223,1224,1225,1226,1227,1228,1229,1230,1231,1232,1233,1234,1235,1236,1237,1238,1239,1240,1241,1242,1243,1244,1245,1246,1247,1248,1249,1250,1251,1252,1253,1254,1255,1256,1257,1258,1259,1260,1261,1262,1263,1264,1265,1266,1267,1268,1269,1270,1271,1272,1273,1274,1275,1276,1277,1278,1279,1280,1281,1282,1283,1284,1285,1286,1287,2110,2111,2112,2113,2114,2115,2116,2117,2118,2119,2120,2121,2122,2123,2124,2125,2126,2127,2128,2129,2130,2131,2132,2133,2134,2135,2136,2137,2138,2139,2140,2141,2142,2143,2144,2145,2146,2147,2148,2149,2150,2151,2152,2153,2154,2155,2156,2157,2158,2159,2160,2161,2162,2163,2164,2165,2166,2167,2168,2169,2170,2171,2172,2173,2174,2175,2176,2177,2178,2179,2180,2181,3004,3005,3006,3007,3008,3009,3010,3011,3012,3013,3014,3015,3016,3017,3018,3019,3020,3021,3022,3023,3024,3025,3026,3027,3028,3029,3030,3031,3032,3033,3034,3035,3036,3037,3038,3039,3040,3041,3042,3043,3044,3045,3046,3047,3048,3049,3050,3051,3052,3053,3054,3055,3056,3057,3058,3059,3060,3061,3062,3063,3064,3065,3066,3067,3068,3069,3070,3071,3072,3073,3074,3075
0,60,140,180,181,182,183,184,185,186,187,188,189,190,191,271,272,273,274,275,276,277,278,279,280,281,282,322,323,324,325,326,327,328,329,330,331,332,333,334,335,336,337,338,339,340,341,342,343,344,345,346,347,348,349,350,351,352,353,354,355,356,357,358,359,360,361,362,363,364,365,366,367,368,369,370,371,372,373,374,375,376,377,378,379,380,381,382,383,384,385,386,387,388,389,390,391,392,393,1216,1217,1218,1219,1220,1221,1222,1223,1224,1225,1226,1227,1228,1229,1230,1231,1232,1233,1234,1235,1236,1237,1238,1239,1240,1241,1242,1243,1244,1245,1246,1247,1248,1249,1250,1251,1252,1253,1254,1255,1256,1257,1258,1259,1260,1261,1262,1263,1264,1265,1266,1267,1268,1269,1270,1271,1272,1273,1274,1275,1276,1277,1278,1279,1280,1281,1282,1283,1284,1285,1286,1287,2110,2111,2112,2113,2114,2115,2116,2117,2118,2119,2120,2121,2122,2123,2124,2125,2126,2127,2128,2129,2130,2131,2132,2133,2134,2135,2136,2137,2138,2139,2140,2141,2142,2143,2144,2145,2146,2147,2148,2149,2150,2151,2152,2153,2154,2155,2156,2157,2158,2159,2160,2161,2162,2163,2164,2165,2166,2167,2168,2169,2170,2171,2172,2173,2174,2175,2176,2177,2178,2179,2180,2181,3004,3005,3006,3007,3008,3009,3010,3011,3012,3013,3014,3015,3016,3017,3018,3019,3020,3021,3022,3023,3024,3025,3026,3027,3028,3029,3030,3031,3032,3033,3034,3035,3036,3037,3038,3039,3040,3041,3042,3043,3044,3045,3046,3047,3048,3049,3050,3051,3052,3053,3054,3055,3056,3057,3058,3059,3060,3061,3062,3063,3064,3065,3066,3067,3068,3069,3070,3071,3072,3073,3074,3075

25ns_459b_447_351_372_72bpi11inj
38,90,140,180,181,182,183,184,185,186,187,188,189,190,191,231,232,233,234,235,236,237,238,239,240,241,242,322,323,324,325,326,327,328,329,330,331,332,333,334,335,336,337,338,339,340,341,342,343,344,345,346,347,348,349,350,351,352,353,354,355,356,357,358,359,360,361,362,363,364,365,366,367,368,369,370,371,372,373,374,375,376,377,378,379,380,381,382,383,384,385,386,387,388,389,390,391,392,393,1216,1217,1218,1219,1220,1221,1222,1223,1224,1225,1226,1227,1228,1229,1230,1231,1232,1233,1234,1235,1236,1237,1238,1239,1240,1241,1242,1243,1244,1245,1246,1247,1248,1249,1250,1251,1252,1253,1254,1255,1256,1257,1258,1259,1260,1261,1262,1263,1264,1265,1266,1267,1268,1269,1270,1271,1272,1273,1274,1275,1276,1277,1278,1279,1280,1281,1282,1283,1284,1285,1286,1287,1956,1957,1958,1959,1960,1961,1962,1963,1964,1965,1966,1967,1968,1969,1970,1971,1972,1973,1974,1975,1976,1977,1978,1979,1980,1981,1982,1983,1984,1985,1986,1987,1988,1989,1990,1991,1992,1993,1994,1995,1996,1997,1998,1999,2000,2001,2002,2003,2004,2005,2006,2007,2008,2009,2010,2011,2012,2013,2014,2015,2016,2017,2018,2019,2020,2021,2022,2023,2024,2025,2026,2027,2110,2111,2112,2113,2114,2115,2116,2117,2118,2119,2120,2121,2122,2123,2124,2125,2126,2127,2128,2129,2130,2131,2132,2133,2134,2135,2136,2137,2138,2139,2140,2141,2142,2143,2144,2145,2146,2147,2148,2149,2150,2151,2152,2153,2154,2155,2156,2157,2158,2159,2160,2161,2162,2163,2164,2165,2166,2167,2168,2169,2170,2171,2172,2173,2174,2175,2176,2177,2178,2179,2180,2181,2850,2851,2852,2853,2854,2855,2856,2857,2858,2859,2860,2861,2862,2863,2864,2865,2866,2867,2868,2869,2870,2871,2872,2873,2874,2875,2876,2877,2878,2879,2880,2881,2882,2883,2884,2885,2886,2887,2888,2889,2890,2891,2892,2893,2894,2895,2896,2897,2898,2899,2900,2901,2902,2903,2904,2905,2906,2907,2908,2909,2910,2911,2912,2913,2914,2915,2916,2917,2918,2919,2920,2921,3004,3005,3006,3007,3008,3009,3010,3011,3012,3013,3014,3015,3016,3017,3018,3019,3020,3021,3022,3023,3024,3025,3026,3027,3028,3029,3030,3031,3032,3033,3034,3035,3036,3037,3038,3039,3040,3041,3042,3043,3044,3045,3046,3047,3048,3049,3050,3051,3052,3053,3054,3055,3056,3057,3058,3059,3060,3061,3062,3063,3064,3065,3066,3067,3068,3069,3070,3071,3072,3073,3074,3075
38,90,140,180,181,182,183,184,185,186,187,188,189,190,191,271,272,273,274,275,276,277,278,279,280,281,282,322,323,324,325,326,327,328,329,330,331,332,333,334,335,336,337,338,339,340,341,342,343,344,345,346,347,348,349,350,351,352,353,354,355,356,357,358,359,360,361,362,363,364,365,366,367,368,369,370,371,372,373,374,375,376,377,378,379,380,381,382,383,384,385,386,387,388,389,390,391,392,393,1216,1217,1218,1219,1220,1221,1222,1223,1224,1225,1226,1227,1228,1229,1230,1231,1232,1233,1234,1235,1236,1237,1238,1239,1240,1241,1242,1243,1244,1245,1246,1247,1248,1249,1250,1251,1252,1253,1254,1255,1256,1257,1258,1259,1260,1261,1262,1263,1264,1265,1266,1267,1268,1269,1270,1271,1272,1273,1274,1275,1276,1277,1278,1279,1280,1281,1282,1283,1284,1285,1286,1287,1956,1957,1958,1959,1960,1961,1962,1963,1964,1965,1966,1967,1968,1969,1970,1971,1972,1973,1974,1975,1976,1977,1978,1979,1980,1981,1982,1983,1984,1985,1986,1987,1988,1989,1990,1991,1992,1993,1994,1995,1996,1997,1998,1999,2000,2001,2002,2003,2004,2005,2006,2007,2008,2009,2010,2011,2012,2013,2014,2015,2016,2017,2018,2019,2020,2021,2022,2023,2024,2025,2026,2027,2110,2111,2112,2113,2114,2115,2116,2117,2118,2119,2120,2121,2122,2123,2124,2125,2126,2127,2128,2129,2130,2131,2132,2133,2134,2135,2136,2137,2138,2139,2140,2141,2142,2143,2144,2145,2146,2147,2148,2149,2150,2151,2152,2153,2154,2155,2156,2157,2158,2159,2160,2161,2162,2163,2164,2165,2166,2167,2168,2169,2170,2171,2172,2173,2174,2175,2176,2177,2178,2179,2180,2181,2850,2851,2852,2853,2854,2855,2856,2857,2858,2859,2860,2861,2862,2863,2864,2865,2866,2867,2868,2869,2870,2871,2872,2873,2874,2875,2876,2877,2878,2879,2880,2881,2882,2883,2884,2885,2886,2887,2888,2889,2890,2891,2892,2893,2894,2895,2896,2897,2898,2899,2900,2901,2902,2903,2904,2905,2906,2907,2908,2909,2910,2911,2912,2913,2914,2915,2916,2917,2918,2919,2920,2921,3004,3005,3006,3007,3008,3009,3010,3011,3012,3013,3014,3015,3016,3017,3018,3019,3020,3021,3022,3023,3024,3025,3026,3027,3028,3029,3030,3031,3032,3033,3034,3035,3036,3037,3038,3039,3040,3041,3042,3043,3044,3045,3046,3047,3048,3049,3050,3051,3052,3053,3054,3055,3056,3057,3058,3059,3060,3061,3062,3063,3064,3065,3066,3067,3068,3069,3070,3071,3072,3073,3074,3075

25ns_458b_446_360_372_48bpi13inj
38,90,130,131,132,133,134,135,136,137,138,139,140,141,181,182,183,184,185,186,187,188,189,190,191,192,272,273,274,275,276,277,278,279,280,281,282,283,284,285,286,287,288,289,290,291,292,293,294,295,296,297,298,299,300,301,302,303,304,305,306,307,308,309,310,311,312,313,314,315,316,317,318,319,359,360,361,362,363,364,365,366,367,368,369,370,371,372,373,374,375,376,377,378,379,380,381,382,383,384,385,386,387,388,389,390,391,392,393,394,395,396,397,398,399,400,401,402,403,404,405,406,1166,1167,1168,1169,1170,1171,1172,1173,1174,1175,1176,1177,1178,1179,1180,1181,1182,1183,1184,1185,1186,1187,1188,1189,1190,1191,1192,1193,1194,1195,1196,1197,1198,1199,1200,1201,1202,1203,1204,1205,1206,1207,1208,1209,1210,1211,1212,1213,1253,1254,1255,1256,1257,1258,1259,1260,1261,1262,1263,1264,1265,1266,1267,1268,1269,1270,1271,1272,1273,1274,1275,1276,1277,1278,1279,1280,1281,1282,1283,1284,1285,1286,1287,1288,1289,1290,1291,1292,1293,1294,1295,1296,1297,1298,1299,1300,2060,2061,2062,2063,2064,2065,2066,2067,2068,2069,2070,2071,2072,2073,2074,2075,2076,2077,2078,2079,2080,2081,2082,2083,2084,2085,2086,2087,2088,2089,2090,2091,2092,2093,2094,2095,2096,2097,2098,2099,2100,2101,2102,2103,2104,2105,2106,2107,2147,2148,2149,2150,2151,2152,2153,2154,2155,2156,2157,2158,2159,2160,2161,2162,2163,2164,2165,2166,2167,2168,2169,2170,2171,2172,2173,2174,2175,2176,2177,2178,2179,2180,2181,2182,2183,2184,2185,2186,2187,2188,2189,2190,2191,2192,2193,2194,2800,2801,2802,2803,2804,2805,2806,2807,2808,2809,2810,2811,2812,2813,2814,2815,2816,2817,2818,2819,2820,2821,2822,2823,2824,2825,2826,2827,2828,2829,2830,2831,2832,2833,2834,2835,2836,2837,2838,2839,2840,2841,2842,2843,2844,2845,2846,2847,2954,2955,2956,2957,2958,2959,2960,2961,2962,2963,2964,2965,2966,2967,2968,2969,2970,2971,2972,2973,2974,2975,2976,2977,2978,2979,2980,2981,2982,2983,2984,2985,2986,2987,2988,2989,2990,2991,2992,2993,2994,2995,2996,2997,2998,2999,3000,3001,3041,3042,3043,3044,3045,3046,3047,3048,3049,3050,3051,3052,3053,3054,3055,3056,3057,3058,3059,3060,3061,3062,3063,3064,3065,3066,3067,3068,3069,3070,3071,3072,3073,3074,3075,3076,3077,3078,3079,3080,3081,3082,3083,3084,3085,3086,3087,3088
38,90,130,131,132,133,134,135,136,137,138,139,140,141,221,222,223,224,225,226,227,228,229,230,231,232,272,273,274,275,276,277,278,279,280,281,282,283,284,285,286,287,288,289,290,291,292,293,294,295,296,297,298,299,300,301,302,303,304,305,306,307,308,309,310,311,312,313,314,315,316,317,318,319,359,360,361,362,363,364,365,366,367,368,369,370,371,372,373,374,375,376,377,378,379,380,381,382,383,384,385,386,387,388,389,390,391,392,393,394,395,396,397,398,399,400,401,402,403,404,405,406,1166,1167,1168,1169,1170,1171,1172,1173,1174,1175,1176,1177,1178,1179,1180,1181,1182,1183,1184,1185,1186,1187,1188,1189,1190,1191,1192,1193,1194,1195,1196,1197,1198,1199,1200,1201,1202,1203,1204,1205,1206,1207,1208,1209,1210,1211,1212,1213,1253,1254,1255,1256,1257,1258,1259,1260,1261,1262,1263,1264,1265,1266,1267,1268,1269,1270,1271,1272,1273,1274,1275,1276,1277,1278,1279,1280,1281,1282,1283,1284,1285,1286,1287,1288,1289,1290,1291,1292,1293,1294,1295,1296,1297,1298,1299,1300,2060,2061,2062,2063,2064,2065,2066,2067,2068,2069,2070,2071,2072,2073,2074,2075,2076,2077,2078,2079,2080,2081,2082,2083,2084,2085,2086,2087,2088,2089,2090,2091,2092,2093,2094,2095,2096,2097,2098,2099,2100,2101,2102,2103,2104,2105,2106,2107,2147,2148,2149,2150,2151,2152,2153,2154,2155,2156,2157,2158,2159,2160,2161,2162,2163,2164,2165,2166,2167,2168,2169,2170,2171,2172,2173,2174,2175,2176,2177,2178,2179,2180,2181,2182,2183,2184,2185,2186,2187,2188,2189,2190,2191,2192,2193,2194,2800,2801,2802,2803,2804,2805,2806,2807,2808,2809,2810,2811,2812,2813,2814,2815,2816,2817,2818,2819,2820,2821,2822,2823,2824,2825,2826,2827,2828,2829,2830,2831,2832,2833,2834,2835,2836,2837,2838,2839,2840,2841,2842,2843,2844,2845,2846,2847,2954,2955,2956,2957,2958,2959,2960,2961,2962,2963,2964,2965,2966,2967,2968,2969,2970,2971,2972,2973,2974,2975,2976,2977,2978,2979,2980,2981,2982,2983,2984,2985,2986,2987,2988,2989,2990,2991,2992,2993,2994,2995,2996,2997,2998,2999,3000,3001,3041,3042,3043,3044,3045,3046,3047,3048,3049,3050,3051,3052,3053,3054,3055,3056,3057,3058,3059,3060,3061,3062,3063,3064,3065,3066,3067,3068,3069,3070,3071,3072,3073,3074,3075,3076,3077,3078,3079,3080,3081,3082,3083,3084,3085,3086,3087,3088

25ns_86b_74_53_54_24bpi7inj
5,6,7,8,9,10,11,12,13,14,15,16,200,201,202,203,204,205,206,207,208,209,210,211,899,900,901,902,903,904,905,906,907,908,909,910,1345,1788,1789,1790,1791,1792,1793,1794,1795,1796,1797,1798,1799,1800,1801,1802,1803,1804,1805,1806,1807,1808,1809,1810,1811,2239,2675,2676,2677,2678,2679,2680,2681,2682,2683,2684,2685,2686,2687,2688,2689,2690,2691,2692,2693,2694,2695,2696,2697,2698
5,6,7,8,9,10,11,12,13,14,15,16,300,301,302,303,304,305,306,307,308,309,310,311,899,900,901,902,903,904,905,906,907,908,909,910,1345,1788,1789,1790,1791,1792,1793,1794,1795,1796,1797,1798,1799,1800,1801,1802,1803,1804,1805,1806,1807,1808,1809,1810,1811,2239,2675,2676,2677,2678,2679,2680,2681,2682,2683,2684,2685,2686,2687,2688,2689,2690,2691,2692,2693,2694,2695,2696,2697,2698

25ns_86b_74_53_53_24bpi7inj
5,6,7,8,9,10,11,12,13,14,15,16,200,201,202,203,204,205,206,207,208,209,210,211,899,900,901,902,903,904,905,906,907,908,909,910,1788,1789,1790,1791,1792,1793,1794,1795,1796,1797,1798,1799,1800,1801,1802,1803,1804,1805,1806,1807,1808,1809,1810,1811,2675,2676,2677,2678,2679,2680,2681,2682,2683,2684,2685,2686,2687,2688,2689,2690,2691,2692,2693,2694,2695,2696,2697,2698,2898,3098
5,6,7,8,9,10,11,12,13,14,15,16,300,301,302,303,304,305,306,307,308,309,310,311,899,900,901,902,903,904,905,906,907,908,909,910,1788,1789,1790,1791,1792,1793,1794,1795,1796,1797,1798,1799,1800,1801,1802,1803,1804,1805,1806,1807,1808,1809,1810,1811,2675,2676,2677,2678,2679,2680,2681,2682,2683,2684,2685,2686,2687,2688,2689,2690,2691,2692,2693,2694,2695,2696,2697,2698,2898,3098

25ns_158b_146_108_120_24bpi12inj
0,100,240,241,242,243,244,245,246,247,248,249,250,251,291,292,293,294,295,296,297,298,299,300,301,302,342,343,344,345,346,347,348,349,350,351,352,353,354,355,356,357,358,359,360,361,362,363,364,365,1185,1186,1187,1188,1189,1190,1191,1192,1193,1194,1195,1196,1236,1237,1238,1239,1240,1241,1242,1243,1244,1245,1246,1247,1248,1249,1250,1251,1252,1253,1254,1255,1256,1257,1258,1259,2079,2080,2081,2082,2083,2084,2085,2086,2087,2088,2089,2090,2130,2131,2132,2133,2134,2135,2136,2137,2138,2139,2140,2141,2142,2143,2144,2145,2146,2147,2148,2149,2150,2151,2152,2153,2973,2974,2975,2976,2977,2978,2979,2980,2981,2982,2983,2984,3024,3025,3026,3027,3028,3029,3030,3031,3032,3033,3034,3035,3036,3037,3038,3039,3040,3041,3042,3043,3044,3045,3046,3047
0,100,140,141,142,143,144,145,146,147,148,149,150,151,291,292,293,294,295,296,297,298,299,300,301,302,342,343,344,345,346,347,348,349,350,351,352,353,354,355,356,357,358,359,360,361,362,363,364,365,1185,1186,1187,1188,1189,1190,1191,1192,1193,1194,1195,1196,1236,1237,1238,1239,1240,1241,1242,1243,1244,1245,1246,1247,1248,1249,1250,1251,1252,1253,1254,1255,1256,1257,1258,1259,2079,2080,2081,2082,2083,2084,2085,2086,2087,2088,2089,2090,2130,2131,2132,2133,2134,2135,2136,2137,2138,2139,2140,2141,2142,2143,2144,2145,2146,2147,2148,2149,2150,2151,2152,2153,2973,2974,2975,2976,2977,2978,2979,2980,2981,2982,2983,2984,3024,3025,3026,3027,3028,3029,3030,3031,3032,3033,3034,3035,3036,3037,3038,3039,3040,3041,3042,3043,3044,3045,3046,3047

25ns_219b_207_174_180_48bpi8inj
0,100,180,220,221,222,223,224,225,226,227,228,229,230,231,271,272,273,274,275,276,277,278,279,280,281,282,374,375,376,377,378,379,380,381,382,383,384,385,386,387,388,389,390,391,392,393,394,395,396,397,398,399,400,401,402,403,404,405,406,407,408,409,410,411,412,413,414,415,416,417,418,419,420,421,1268,1269,1270,1271,1272,1273,1274,1275,1276,1277,1278,1279,1280,1281,1282,1283,1284,1285,1286,1287,1288,1289,1290,1291,1292,1293,1294,1295,1296,1297,1298,1299,1300,1301,1302,1303,1304,1305,1306,1307,1308,1309,1310,1311,1312,1313,1314,1315,2150,2151,2152,2153,2154,2155,2156,2157,2158,2159,2160,2161,2162,2163,2164,2165,2166,2167,2168,2169,2170,2171,2172,2173,2174,2175,2176,2177,2178,2179,2180,2181,2182,2183,2184,2185,2186,2187,2188,2189,2190,2191,2192,2193,2194,2195,2196,2197,3044,3045,3046,3047,3048,3049,3050,3051,3052,3053,3054,3055,3056,3057,3058,3059,3060,3061,3062,3063,3064,3065,3066,3067,3068,3069,3070,3071,3072,3073,3074,3075,3076,3077,3078,3079,3080,3081,3082,3083,3084,3085,3086,3087,3088,3089,3090,3091
0,100,180,220,221,222,223,224,225,226,227,228,229,230,231,311,312,313,314,315,316,317,318,319,320,321,322,374,375,376,377,378,379,380,381,382,383,384,385,386,387,388,389,390,391,392,393,394,395,396,397,398,399,400,401,402,403,404,405,406,407,408,409,410,411,412,413,414,415,416,417,418,419,420,421,1268,1269,1270,1271,1272,1273,1274,1275,1276,1277,1278,1279,1280,1281,1282,1283,1284,1285,1286,1287,1288,1289,1290,1291,1292,1293,1294,1295,1296,1297,1298,1299,1300,1301,1302,1303,1304,1305,1306,1307,1308,1309,1310,1311,1312,1313,1314,1315,2150,2151,2152,2153,2154,2155,2156,2157,2158,2159,2160,2161,2162,2163,2164,2165,2166,2167,2168,2169,2170,2171,2172,2173,2174,2175,2176,2177,2178,2179,2180,2181,2182,2183,2184,2185,2186,2187,2188,2189,2190,2191,2192,2193,2194,2195,2196,2197,3044,3045,3046,3047,3048,3049,3050,3051,3052,3053,3054,3055,3056,3057,3058,3059,3060,3061,3062,3063,3064,3065,3066,3067,3068,3069,3070,3071,3072,3073,3074,3075,3076,3077,3078,3079,3080,3081,3082,3083,3084,3085,3086,3087,3088,3089,3090,3091

